  1 2020 04 07 13 18 31  0.4350  0.2188  0.0000  38.3  38.7   0.0 
  1 2020 04 07 13 18 32  0.2169 -0.1417  0.0000  31.8  31.8   0.0 
  1 2020 04 07 13 18 33  0.0459 -0.0702  0.0000  30.5  38.7   0.0 
  1 2020 04 07 13 18 34  0.2444 -0.1680  0.0000  39.6  41.3   0.0 
  1 2020 04 07 13 18 35  0.0108 -0.0033  0.0000  37.8  38.7   0.0 
  1 2020 04 07 13 18 36 -0.0036 -0.1184  0.0000  31.0  33.5   0.0 
  1 2020 04 07 13 18 37  0.0387 -0.0732  0.0000  36.5  37.8   0.0 
  1 2020 04 07 13 18 38  0.1617 -0.1060  0.0000  31.4  32.7   0.0 
  1 2020 04 07 13 18 39  0.0883 -0.2310  0.0000  39.6  40.4   0.0 
  1 2020 04 07 13 18 40 -0.0810 -0.2116  0.0000  37.0  35.3   0.0 
  1 2020 04 07 13 18 41  0.1388  0.0016  0.0000  33.5  33.5   0.0 
  1 2020 04 07 13 18 42  0.1660  0.0305  0.0000  31.0  35.7   0.0 
  1 2020 04 07 13 18 43  0.2093 -0.3743  0.0000  34.0  37.0   0.0 
  1 2020 04 07 13 18 44 -0.1260 -0.2602  0.0000  36.5  37.8   0.0 
  1 2020 04 07 13 18 45  0.1991 -0.2907  0.0000  38.7  37.8   0.0 
  1 2020 04 07 13 18 46  0.6286  0.1109  0.0000  34.4  34.0   0.0 
  1 2020 04 07 13 18 47  0.4117  0.2454  0.0000  31.8  31.0   0.0 
  1 2020 04 07 13 18 48  0.3819 -0.0410  0.0000  38.3  37.4   0.0 
  1 2020 04 07 13 18 49  0.0197 -0.2674  0.0000  35.3  36.1   0.0 
  1 2020 04 07 13 18 50 -0.0495  0.0879  0.0000  34.0  37.4   0.0 
  1 2020 04 07 13 18 51 -0.1280  0.0863  0.0000  33.5  32.3   0.0 
  1 2020 04 07 13 18 52  0.0889 -0.2326  0.0000  42.1  42.1   0.0 
  1 2020 04 07 13 18 53  0.1867  0.1407  0.0000  32.7  35.3   0.0 
  1 2020 04 07 13 18 54  0.6736 -0.0180  0.0000  34.8  34.0   0.0 
  1 2020 04 07 13 18 55  0.2789 -0.1798  0.0000  34.0  35.3   0.0 
  1 2020 04 07 13 18 56  0.3904 -0.1230  0.0000  37.8  34.8   0.0 
  1 2020 04 07 13 18 57  0.3829 -0.1663  0.0000  34.4  33.5   0.0 
  1 2020 04 07 13 18 58 -0.0883  0.0020  0.0000  41.3  38.3   0.0 
  1 2020 04 07 13 18 59  0.0217 -0.1759  0.0000  36.5  34.8   0.0 
  1 2020 04 07 13 19 00  0.1010 -0.1568  0.0000  36.1  37.0   0.0 
  1 2020 04 07 13 19 01  0.0082 -0.1575  0.0000  32.3  34.0   0.0 
  1 2020 04 07 13 19 02  0.0056 -0.1562  0.0000  32.7  31.0   0.0 
  1 2020 04 07 13 19 03 -0.0190  0.0577  0.0000  33.1  35.7   0.0 
  1 2020 04 07 13 19 04  0.0072 -0.2175  0.0000  30.1  31.4   0.0 
  1 2020 04 07 13 19 05  0.3527 -0.1188  0.0000  35.3  35.3   0.0 
  1 2020 04 07 13 19 06  0.3606  0.1490  0.0000  37.0  35.7   0.0 
  1 2020 04 07 13 19 07  0.0203 -0.3278  0.0000  37.4  34.4   0.0 
  1 2020 04 07 13 19 08  0.2671  0.0331  0.0000  33.5  32.7   0.0 
  1 2020 04 07 13 19 09  0.0958 -0.2090  0.0000  34.4  34.8   0.0 
  1 2020 04 07 13 19 10  0.3366 -0.1453  0.0000  34.8  35.3   0.0 
  2 2020 04 07 13 19 39  0.2766  0.0174  0.0000  41.7  38.7   0.0 
  2 2020 04 07 13 19 40  0.4498 -0.3012  0.0000  38.3  35.3   0.0 
  2 2020 04 07 13 19 41  1.6670  0.0597  0.0000  38.3  39.6   0.0 
  2 2020 04 07 13 19 42  0.6125 -0.3760  0.0000  39.1  38.3   0.0 
  2 2020 04 07 13 19 43  0.9793  0.0361  0.0000  36.5  35.7   0.0 
  2 2020 04 07 13 19 44  0.9757  0.1109  0.0000  40.0  38.3   0.0 
  2 2020 04 07 13 19 45  0.9111  0.0354  0.0000  37.0  35.7   0.0 
  2 2020 04 07 13 19 46  0.4938 -0.1562  0.0000  35.7  36.1   0.0 
  2 2020 04 07 13 19 47  0.7428  0.1975  0.0000  37.0  37.0   0.0 
  2 2020 04 07 13 19 48  0.7329 -0.2500  0.0000  36.5  35.3   0.0 
  2 2020 04 07 13 19 49  0.9111 -0.1952  0.0000  35.3  34.4   0.0 
  2 2020 04 07 13 19 50  0.7431 -0.0410  0.0000  37.4  35.3   0.0 
  2 2020 04 07 13 19 51  1.5702 -0.0682  0.0000  37.8  36.5   0.0 
  2 2020 04 07 13 19 52  1.3701  0.1808  0.0000  39.1  37.8   0.0 
  2 2020 04 07 13 19 53  0.7841  0.2339  0.0000  34.0  33.5   0.0 
  2 2020 04 07 13 19 54  0.9498 -0.7070  0.0000  34.4  34.0   0.0 
  2 2020 04 07 13 19 55  0.7549 -0.4291  0.0000  37.8  36.5   0.0 
  2 2020 04 07 13 19 56  1.1024 -0.1266  0.0000  38.3  36.5   0.0 
  2 2020 04 07 13 19 57  0.9813  0.1568  0.0000  39.1  35.7   0.0 
  2 2020 04 07 13 19 58  2.4619  0.1070  0.0000  34.4  32.7   0.0 
  2 2020 04 07 13 19 59  0.6886 -0.1411  0.0000  31.8  33.1   0.0 
  2 2020 04 07 13 20 00  0.9019  0.0276  0.0000  37.0  35.7   0.0 
  2 2020 04 07 13 20 01  1.0528  0.1322  0.0000  36.5  36.1   0.0 
  2 2020 04 07 13 20 02  1.6919  0.1132  0.0000  37.0  35.7   0.0 
  2 2020 04 07 13 20 03  0.9124 -0.1791  0.0000  37.8  36.1   0.0 
  2 2020 04 07 13 20 04  0.1417 -0.3737  0.0000  28.8  29.7   0.0 
  2 2020 04 07 13 20 05  1.2543  0.3845  0.0000  35.7  34.8   0.0 
  2 2020 04 07 13 20 06  1.2064  0.4616  0.0000  37.4  35.7   0.0 
  2 2020 04 07 13 20 07  0.6831 -0.3317  0.0000  39.6  39.1   0.0 
  2 2020 04 07 13 20 08 -0.4649 -0.5522  0.0000  38.7  39.6   0.0 
  2 2020 04 07 13 20 09  0.9252 -0.5282  0.0000  37.8  37.4   0.0 
  2 2020 04 07 13 20 10  0.6903  0.6260  0.0000  35.3  35.3   0.0 
  2 2020 04 07 13 20 11  1.4403  0.0551  0.0000  36.5  35.3   0.0 
  2 2020 04 07 13 20 12  0.9032  0.0843  0.0000  36.1  33.5   0.0 
  2 2020 04 07 13 20 13  0.9511 -0.0653  0.0000  40.0  39.1   0.0 
  2 2020 04 07 13 20 14  1.7270  0.2067  0.0000  38.3  34.8   0.0 
  2 2020 04 07 13 20 15  1.5856  0.1388  0.0000  35.7  34.4   0.0 
  2 2020 04 07 13 20 16  0.0705 -0.3173  0.0000  40.0  37.4   0.0 
  2 2020 04 07 13 20 17  0.4177 -0.2930  0.0000  37.8  35.7   0.0 
  2 2020 04 07 13 20 18  1.3356  0.3051  0.0000  37.0  37.4   0.0 
  3 2020 04 07 13 20 45  1.2753 -0.5797  0.0000  37.4  35.3   0.0 
  3 2020 04 07 13 20 46  0.3504  0.2415  0.0000  35.7  34.8   0.0 
  3 2020 04 07 13 20 47  0.7566  0.1988  0.0000  38.7  37.4   0.0 
  3 2020 04 07 13 20 48  0.8120 -0.2051  0.0000  37.0  37.0   0.0 
  3 2020 04 07 13 20 49  1.7500 -0.0702  0.0000  37.4  37.4   0.0 
  3 2020 04 07 13 20 50  0.8638 -0.7575  0.0000  37.0  34.8   0.0 
  3 2020 04 07 13 20 51  1.2100  0.3081  0.0000  39.1  37.8   0.0 
  3 2020 04 07 13 20 52  1.6539  0.3189  0.0000  39.6  38.3   0.0 
  3 2020 04 07 13 20 53  1.7680  0.2100  0.0000  37.4  36.1   0.0 
  3 2020 04 07 13 20 54  1.4600 -0.0784  0.0000  37.8  36.5   0.0 
  3 2020 04 07 13 20 55  0.3373 -0.0285  0.0000  37.0  37.0   0.0 
  3 2020 04 07 13 20 56  0.7162  0.1319  0.0000  39.6  38.3   0.0 
  3 2020 04 07 13 20 57  1.2224 -0.0856  0.0000  39.6  38.3   0.0 
  3 2020 04 07 13 20 58  1.9304  0.2067  0.0000  34.8  35.3   0.0 
  3 2020 04 07 13 20 59  0.6857  0.8268  0.0000  37.4  38.3   0.0 
  3 2020 04 07 13 21 00 -0.1450  0.4800  0.0000  37.8  38.3   0.0 
  3 2020 04 07 13 21 01  0.7717  0.7730  0.0000  38.7  36.1   0.0 
  3 2020 04 07 13 21 02  1.8159 -0.3120  0.0000  38.3  35.7   0.0 
  3 2020 04 07 13 21 03  1.4406 -0.0643  0.0000  41.7  38.7   0.0 
  3 2020 04 07 13 21 04  0.7592  0.1916  0.0000  36.1  35.3   0.0 
  3 2020 04 07 13 21 05  1.4751  0.0509  0.0000  37.8  37.8   0.0 
  3 2020 04 07 13 21 06  0.3720  0.0430  0.0000  35.3  32.7   0.0 
  3 2020 04 07 13 21 07  1.4157  0.0715  0.0000  37.8  36.1   0.0 
  3 2020 04 07 13 21 08  1.4219  0.3018  0.0000  37.4  35.7   0.0 
  3 2020 04 07 13 21 09  1.3701  0.4298  0.0000  37.4  35.7   0.0 
  3 2020 04 07 13 21 10  0.7018  0.1473  0.0000  37.8  37.4   0.0 
  3 2020 04 07 13 21 11  2.5243  0.3461  0.0000  36.5  38.3   0.0 
  3 2020 04 07 13 21 12  0.8573  0.1388  0.0000  39.6  36.5   0.0 
  3 2020 04 07 13 21 13  1.0801  0.2933  0.0000  40.0  38.7   0.0 
  3 2020 04 07 13 21 14  0.8891  0.5584  0.0000  37.0  37.4   0.0 
  3 2020 04 07 13 21 15  1.3133  0.2070  0.0000  40.0  37.8   0.0 
  3 2020 04 07 13 21 16  0.9311 -0.3307  0.0000  34.0  34.8   0.0 
  3 2020 04 07 13 21 17  0.3934 -0.3261  0.0000  35.7  36.1   0.0 
  3 2020 04 07 13 21 18  0.2644  0.1749  0.0000  37.0  36.5   0.0 
  3 2020 04 07 13 21 19  1.3232  0.0056  0.0000  37.8  36.1   0.0 
  3 2020 04 07 13 21 20  0.3990  0.0860  0.0000  37.0  37.0   0.0 
  3 2020 04 07 13 21 21  1.4606  0.2556  0.0000  37.8  37.0   0.0 
  3 2020 04 07 13 21 22  1.1818 -0.1988  0.0000  36.5  36.1   0.0 
  3 2020 04 07 13 21 23  1.2992  0.0295  0.0000  37.0  36.1   0.0 
  3 2020 04 07 13 21 24  0.8638  0.0262  0.0000  38.3  38.3   0.0 
  4 2020 04 07 13 21 47  0.7818  0.0932  0.0000  37.8  39.1   0.0 
  4 2020 04 07 13 21 48  1.0049  0.2037  0.0000  34.8  35.3   0.0 
  4 2020 04 07 13 21 49  1.7913 -0.1699  0.0000  40.0  37.4   0.0 
  4 2020 04 07 13 21 50  1.9462 -0.4154  0.0000  39.6  37.4   0.0 
  4 2020 04 07 13 21 51  1.1581 -0.0719  0.0000  37.8  36.1   0.0 
  4 2020 04 07 13 21 52  1.0171  0.0896  0.0000  38.7  38.3   0.0 
  4 2020 04 07 13 21 53  1.1450 -0.0322  0.0000  37.4  37.4   0.0 
  4 2020 04 07 13 21 54  1.0085 -0.0282  0.0000  34.0  34.8   0.0 
  4 2020 04 07 13 21 55  1.4426 -0.3934  0.0000  39.1  36.5   0.0 
  4 2020 04 07 13 21 56  1.0778  0.0797  0.0000  40.4  39.6   0.0 
  4 2020 04 07 13 21 57  0.9636  0.2467  0.0000  37.8  37.4   0.0 
  4 2020 04 07 13 21 58  1.3297 -0.0443  0.0000  35.3  34.4   0.0 
  4 2020 04 07 13 21 59  1.0548 -0.1775  0.0000  37.8  37.4   0.0 
  4 2020 04 07 13 22 00  1.6017 -0.0233  0.0000  37.8  37.8   0.0 
  4 2020 04 07 13 22 01  1.0043  0.1959  0.0000  40.0  38.7   0.0 
  4 2020 04 07 13 22 02  0.9531  0.1453  0.0000  39.1  38.3   0.0 
  4 2020 04 07 13 22 03  1.2867 -0.0571  0.0000  40.0  38.3   0.0 
  4 2020 04 07 13 22 04  0.8599  0.0531  0.0000  38.3  36.5   0.0 
  4 2020 04 07 13 22 05  0.7907 -0.1526  0.0000  39.1  38.3   0.0 
  4 2020 04 07 13 22 06  0.7877  0.2641  0.0000  37.4  36.1   0.0 
  4 2020 04 07 13 22 07  1.9216 -0.1988  0.0000  36.1  37.0   0.0 
  4 2020 04 07 13 22 08  1.1467 -0.3438  0.0000  40.0  37.4   0.0 
  4 2020 04 07 13 22 09  1.2159 -0.0659  0.0000  38.3  37.8   0.0 
  4 2020 04 07 13 22 10  0.7490  0.3041  0.0000  36.1  37.8   0.0 
  4 2020 04 07 13 22 11  1.4882 -0.0371  0.0000  39.1  38.7   0.0 
  4 2020 04 07 13 22 12  1.1184  0.1801  0.0000  38.7  37.8   0.0 
  4 2020 04 07 13 22 13  1.0443 -0.1673  0.0000  35.7  36.1   0.0 
  4 2020 04 07 13 22 14  1.0377  0.0751  0.0000  39.1  37.8   0.0 
  4 2020 04 07 13 22 15  1.6079 -0.3386  0.0000  35.3  34.8   0.0 
  4 2020 04 07 13 22 16  1.4386 -0.1909  0.0000  36.1  34.8   0.0 
  4 2020 04 07 13 22 17  1.0358  0.0486  0.0000  38.7  37.4   0.0 
  4 2020 04 07 13 22 18  1.0961  0.1365  0.0000  37.4  35.3   0.0 
  4 2020 04 07 13 22 19  0.9216  0.1070  0.0000  37.0  34.4   0.0 
  4 2020 04 07 13 22 20  0.8373 -0.1014  0.0000  36.5  36.1   0.0 
  4 2020 04 07 13 22 21  1.2306 -0.0735  0.0000  37.8  38.7   0.0 
  4 2020 04 07 13 22 22  1.2156  0.0528  0.0000  36.5  34.8   0.0 
  4 2020 04 07 13 22 23  1.4439  0.2625  0.0000  39.6  38.7   0.0 
  4 2020 04 07 13 22 24  1.5617 -0.1791  0.0000  38.3  37.8   0.0 
  4 2020 04 07 13 22 25  0.7792 -0.0725  0.0000  37.8  37.4   0.0 
  4 2020 04 07 13 22 26  0.7546 -0.0056  0.0000  37.4  39.1   0.0 
  5 2020 04 07 13 22 42  0.7831 -0.4216  0.0000  35.7  35.3   0.0 
  5 2020 04 07 13 22 43  1.1217 -0.5531  0.0000  40.0  37.8   0.0 
  5 2020 04 07 13 22 44  0.8563 -0.1165  0.0000  37.8  36.5   0.0 
  5 2020 04 07 13 22 45  0.7717 -0.1158  0.0000  37.4  35.3   0.0 
  5 2020 04 07 13 22 46  1.0919  0.0636  0.0000  39.6  37.8   0.0 
  5 2020 04 07 13 22 47  1.2575  0.0282  0.0000  39.6  37.4   0.0 
  5 2020 04 07 13 22 48  1.3458  0.0240  0.0000  37.4  35.3   0.0 
  5 2020 04 07 13 22 49  1.1056 -0.0466  0.0000  40.4  38.7   0.0 
  5 2020 04 07 13 22 50  1.6053 -0.2060  0.0000  41.3  39.1   0.0 
  5 2020 04 07 13 22 51  1.4259  0.2822  0.0000  37.4  35.3   0.0 
  5 2020 04 07 13 22 52  1.3409 -0.2457  0.0000  40.4  40.0   0.0 
  5 2020 04 07 13 22 53  1.2083 -0.0853  0.0000  37.4  37.0   0.0 
  5 2020 04 07 13 22 54  1.0571 -0.3068  0.0000  37.0  37.0   0.0 
  5 2020 04 07 13 22 55  1.3333  0.0554  0.0000  40.4  39.1   0.0 
  5 2020 04 07 13 22 56  1.1483 -0.2060  0.0000  38.7  37.8   0.0 
  5 2020 04 07 13 22 57  1.3140 -0.4285  0.0000  42.6  41.3   0.0 
  5 2020 04 07 13 22 58  1.0292 -0.1047  0.0000  41.3  38.3   0.0 
  5 2020 04 07 13 22 59  0.9019  0.0174  0.0000  39.6  37.4   0.0 
  5 2020 04 07 13 23 00  2.9957  0.1864  0.0000  39.1  36.1   0.0 
  5 2020 04 07 13 23 01  0.9606 -0.1276  0.0000  34.4  34.4   0.0 
  5 2020 04 07 13 23 02  1.5072  0.0846  0.0000  40.9  39.6   0.0 
  5 2020 04 07 13 23 03  0.8543  0.1798  0.0000  40.9  39.1   0.0 
  5 2020 04 07 13 23 04  1.0105  0.1050  0.0000  41.3  39.6   0.0 
  5 2020 04 07 13 23 05  1.1171  0.1529  0.0000  37.0  35.3   0.0 
  5 2020 04 07 13 23 06  1.0505 -0.2615  0.0000  36.1  34.8   0.0 
  5 2020 04 07 13 23 07  1.6096 -0.0863  0.0000  37.8  36.1   0.0 
  5 2020 04 07 13 23 08  1.0377 -0.3159  0.0000  35.3  34.4   0.0 
  5 2020 04 07 13 23 09  1.0069  0.2037  0.0000  41.3  39.6   0.0 
  5 2020 04 07 13 23 10  1.0860 -0.2323  0.0000  39.1  37.4   0.0 
  5 2020 04 07 13 23 11  1.0075 -0.1063  0.0000  39.1  34.8   0.0 
  5 2020 04 07 13 23 12  1.4062 -0.1056  0.0000  35.3  34.0   0.0 
  5 2020 04 07 13 23 13  1.1949 -0.1440  0.0000  36.5  37.4   0.0 
  5 2020 04 07 13 23 14  1.4980  0.1007  0.0000  40.0  37.0   0.0 
  5 2020 04 07 13 23 15  1.6037  0.2982  0.0000  37.0  36.5   0.0 
  5 2020 04 07 13 23 16  1.5404 -0.0171  0.0000  40.9  37.8   0.0 
  5 2020 04 07 13 23 17 -0.5003 -0.2477  0.0000  38.3  36.5   0.0 
  5 2020 04 07 13 23 18  0.9678 -0.0220  0.0000  38.7  37.4   0.0 
  5 2020 04 07 13 23 19  1.1398  0.1424  0.0000  40.0  39.6   0.0 
  5 2020 04 07 13 23 20  1.4249  0.2208  0.0000  38.7  37.4   0.0 
  5 2020 04 07 13 23 21  1.0105  0.1509  0.0000  37.0  35.7   0.0 
  6 2020 04 07 13 23 39  1.3675 -0.1214  0.0000  53.3  37.8   0.0 
  6 2020 04 07 13 23 40  1.4442  0.0538  0.0000  37.8  33.1   0.0 
  6 2020 04 07 13 23 41  1.5896  0.0942  0.0000  37.0  36.5   0.0 
  6 2020 04 07 13 23 42  1.8235 -0.1339  0.0000  42.6  34.8   0.0 
  6 2020 04 07 13 23 43  3.5069  0.2507  0.0000  35.7  37.0   0.0 
  6 2020 04 07 13 23 44  1.0446  0.0827  0.0000  38.3  37.0   0.0 
  6 2020 04 07 13 23 45  1.1752 -0.3419  0.0000  40.0  40.9   0.0 
  6 2020 04 07 13 23 46  1.1742  0.2087  0.0000  39.6  39.1   0.0 
  6 2020 04 07 13 23 47  1.6033  0.0240  0.0000  39.1  37.0   0.0 
  6 2020 04 07 13 23 48  1.2854  0.1266  0.0000  37.4  35.3   0.0 
  6 2020 04 07 13 23 49  1.9642  0.1280  0.0000  42.1  42.1   0.0 
  6 2020 04 07 13 23 50  0.6198  0.2516  0.0000  38.7  36.1   0.0 
  6 2020 04 07 13 23 51  1.6132  0.3228  0.0000  38.3  35.3   0.0 
  6 2020 04 07 13 23 52  0.6755 -0.0075  0.0000  40.9  38.3   0.0 
  6 2020 04 07 13 23 53  1.6335  0.0184  0.0000  40.4  35.7   0.0 
  6 2020 04 07 13 23 54  1.5059  0.4104  0.0000  39.1  34.0   0.0 
  6 2020 04 07 13 23 55  1.2067 -0.0328  0.0000  37.8  37.8   0.0 
  6 2020 04 07 13 23 56  1.1683 -0.0801  0.0000  39.1  35.7   0.0 
  6 2020 04 07 13 23 57  3.2234 -0.2726  0.0000  40.4  36.1   0.0 
  6 2020 04 07 13 23 58  1.3527  0.5935  0.0000  41.3  37.4   0.0 
  6 2020 04 07 13 23 59  1.0151  0.1207  0.0000  39.1  37.4   0.0 
  6 2020 04 07 13 24 00  1.1047 -0.2493  0.0000  40.0  36.1   0.0 
  6 2020 04 07 13 24 01  1.6624  0.2438  0.0000  42.1  39.6   0.0 
  6 2020 04 07 13 24 02  1.4101  0.0217  0.0000  38.3  37.4   0.0 
  6 2020 04 07 13 24 03  1.1726  0.2008  0.0000  40.4  37.8   0.0 
  6 2020 04 07 13 24 04  1.2297  0.0686  0.0000  38.3  36.1   0.0 
  6 2020 04 07 13 24 05  1.1519 -0.3510  0.0000  40.0  37.0   0.0 
  6 2020 04 07 13 24 06  1.9465  0.3366  0.0000  38.3  37.4   0.0 
  6 2020 04 07 13 24 07  1.0184  0.2110  0.0000  40.0  39.1   0.0 
  6 2020 04 07 13 24 08  1.2516 -0.3018  0.0000  38.7  35.3   0.0 
  6 2020 04 07 13 24 09  1.4301  0.0292  0.0000  40.0  37.4   0.0 
  6 2020 04 07 13 24 10  1.5774  0.0935  0.0000  36.1  34.0   0.0 
  6 2020 04 07 13 24 11  1.2073  0.1886  0.0000  38.3  38.3   0.0 
  6 2020 04 07 13 24 12  1.4360 -0.0420  0.0000  41.3  38.3   0.0 
  6 2020 04 07 13 24 13  1.1211 -0.0210  0.0000  38.7  36.1   0.0 
  6 2020 04 07 13 24 14  1.0095 -0.1296  0.0000  41.3  38.3   0.0 
  6 2020 04 07 13 24 15  1.2605 -0.0581  0.0000  41.3  39.1   0.0 
  6 2020 04 07 13 24 16  1.1709 -0.0755  0.0000  41.3  39.6   0.0 
  6 2020 04 07 13 24 17  1.8061 -0.4633  0.0000  38.3  38.7   0.0 
  6 2020 04 07 13 24 18  0.7644 -0.2398  0.0000  37.8  37.0   0.0 
  7 2020 04 07 13 24 30  1.3868 -0.4154  0.0000  38.7  38.3   0.0 
  7 2020 04 07 13 24 31  1.6253 -0.1657  0.0000  40.9  38.3   0.0 
  7 2020 04 07 13 24 32  1.4583  0.0741  0.0000  37.4  35.3   0.0 
  7 2020 04 07 13 24 33  1.6132  0.1463  0.0000  41.3  41.3   0.0 
  7 2020 04 07 13 24 34  1.5804 -0.0610  0.0000  40.9  39.6   0.0 
  7 2020 04 07 13 24 35  1.4551 -0.3022  0.0000  40.0  40.4   0.0 
  7 2020 04 07 13 24 36  1.2467 -0.3455  0.0000  41.3  37.8   0.0 
  7 2020 04 07 13 24 37  1.6709  0.0069  0.0000  42.6  41.3   0.0 
  7 2020 04 07 13 24 38  1.2490 -0.4298  0.0000  38.7  39.1   0.0 
  7 2020 04 07 13 24 39  1.9439  0.2264  0.0000  43.0  42.1   0.0 
  7 2020 04 07 13 24 40  1.9236 -0.3799  0.0000  43.0  40.4   0.0 
  7 2020 04 07 13 24 41  1.6070  0.2470  0.0000  38.7  37.8   0.0 
  7 2020 04 07 13 24 42  1.4715  0.1332  0.0000  39.1  37.4   0.0 
  7 2020 04 07 13 24 43  1.9797  0.1463  0.0000  40.9  40.0   0.0 
  7 2020 04 07 13 24 44  1.4531 -0.0830  0.0000  39.1  39.1   0.0 
  7 2020 04 07 13 24 45  2.1220 -0.0909  0.0000  43.0  39.6   0.0 
  7 2020 04 07 13 24 46  1.2730  0.5584  0.0000  38.7  37.0   0.0 
  7 2020 04 07 13 24 47  1.4678 -0.1073  0.0000  40.4  40.9   0.0 
  7 2020 04 07 13 24 48  1.1824 -0.4144  0.0000  41.3  40.4   0.0 
  7 2020 04 07 13 24 49  1.3510 -0.2306  0.0000  42.1  42.1   0.0 
  7 2020 04 07 13 24 50  1.7159 -0.1125  0.0000  40.0  37.4   0.0 
  7 2020 04 07 13 24 51  1.7431 -0.1611  0.0000  40.9  40.0   0.0 
  7 2020 04 07 13 24 52  1.3074  0.0951  0.0000  40.9  39.1   0.0 
  7 2020 04 07 13 24 53  1.6198  0.1368  0.0000  39.1  40.0   0.0 
  7 2020 04 07 13 24 54  1.1083 -0.3698  0.0000  39.6  38.3   0.0 
  7 2020 04 07 13 24 55  1.6558 -0.2457  0.0000  41.7  38.7   0.0 
  7 2020 04 07 13 24 56  3.0673 -0.0367  0.0000  37.8  37.0   0.0 
  7 2020 04 07 13 24 57  1.3819 -0.1663  0.0000  39.6  38.7   0.0 
  7 2020 04 07 13 24 58  2.1161 -0.4049  0.0000  40.4  42.6   0.0 
  7 2020 04 07 13 24 59  1.4593  0.1660  0.0000  37.8  37.4   0.0 
  7 2020 04 07 13 25 00  0.9993  0.3671  0.0000  39.6  40.4   0.0 
  7 2020 04 07 13 25 01  1.5233 -0.0922  0.0000  39.1  37.4   0.0 
  7 2020 04 07 13 25 02  1.4265 -0.0909  0.0000  39.6  36.5   0.0 
  7 2020 04 07 13 25 03  1.2986 -0.2841  0.0000  41.3  40.0   0.0 
  7 2020 04 07 13 25 04  1.5361 -0.0997  0.0000  39.1  37.4   0.0 
  7 2020 04 07 13 25 05  1.9390 -0.0269  0.0000  39.6  38.3   0.0 
  7 2020 04 07 13 25 06  1.3035 -0.0814  0.0000  38.7  40.0   0.0 
  7 2020 04 07 13 25 07  2.8215  0.1001  0.0000  37.8  36.5   0.0 
  7 2020 04 07 13 25 08  1.5735  0.2073  0.0000  37.4  37.4   0.0 
  7 2020 04 07 13 25 09  0.1608 -0.6230  0.0000  36.5  35.7   0.0 
  8 2020 04 07 13 25 24  0.6775 -0.1864  0.0000  36.5  37.4   0.0 
  8 2020 04 07 13 25 25  1.2917  0.0003  0.0000  39.6  38.7   0.0 
  8 2020 04 07 13 25 26  4.0226 -0.1362  0.0000  40.9  41.3   0.0 
  8 2020 04 07 13 25 27  2.0607  0.1808  0.0000  38.7  37.4   0.0 
  8 2020 04 07 13 25 28  1.9078 -0.1086  0.0000  38.7  40.0   0.0 
  8 2020 04 07 13 25 29  2.0869 -0.1168  0.0000  41.3  40.9   0.0 
  8 2020 04 07 13 25 30  1.4039  0.1834  0.0000  42.1  40.4   0.0 
  8 2020 04 07 13 25 31  1.5466 -0.0971  0.0000  40.9  41.3   0.0 
  8 2020 04 07 13 25 32  2.1037 -0.3051  0.0000  40.9  40.9   0.0 
  8 2020 04 07 13 25 33  0.8068  0.1539  0.0000  37.4  36.5   0.0 
  8 2020 04 07 13 25 34  1.8714 -0.2211  0.0000  41.7  40.4   0.0 
  8 2020 04 07 13 25 35  1.5371  0.1437  0.0000  43.0  39.1   0.0 
  8 2020 04 07 13 25 36  1.2890  0.2005  0.0000  39.6  38.3   0.0 
  8 2020 04 07 13 25 37  1.1240 -0.1086  0.0000  39.6  41.7   0.0 
  8 2020 04 07 13 25 38  0.7434 -0.4590  0.0000  39.1  40.0   0.0 
  8 2020 04 07 13 25 39  1.8281 -0.3517  0.0000  41.7  40.0   0.0 
  8 2020 04 07 13 25 40  1.1424 -0.0367  0.0000  36.1  35.3   0.0 
  8 2020 04 07 13 25 41  1.4521 -0.6654  0.0000  38.3  38.7   0.0 
  8 2020 04 07 13 25 42  1.2188  0.3688  0.0000  39.6  37.8   0.0 
  8 2020 04 07 13 25 43  2.0292 -0.0715  0.0000  39.6  39.6   0.0 
  8 2020 04 07 13 25 44  1.0374  0.0184  0.0000  40.0  38.7   0.0 
  8 2020 04 07 13 25 45  0.4951 -0.1424  0.0000  36.5  35.7   0.0 
  8 2020 04 07 13 25 46  1.0653  0.0778  0.0000  40.0  40.0   0.0 
  8 2020 04 07 13 25 47  0.8609 -0.0177  0.0000  38.7  37.4   0.0 
  8 2020 04 07 13 25 48  1.7946 -0.1171  0.0000  42.1  41.3   0.0 
  8 2020 04 07 13 25 49  1.3842  0.2759  0.0000  40.0  40.0   0.0 
  8 2020 04 07 13 25 50  1.2201  0.0180  0.0000  39.6  39.6   0.0 
  8 2020 04 07 13 25 51  2.6660 -0.6542  0.0000  40.9  38.7   0.0 
  8 2020 04 07 13 25 52  0.7835 -0.6083  0.0000  36.1  36.5   0.0 
  8 2020 04 07 13 25 53  2.7697  0.0095  0.0000  38.7  40.0   0.0 
  8 2020 04 07 13 25 54  1.2224 -0.2208  0.0000  39.1  39.1   0.0 
  8 2020 04 07 13 25 55  1.3048  0.1404  0.0000  40.4  38.7   0.0 
  8 2020 04 07 13 25 56  1.5774 -0.1250  0.0000  41.7  40.9   0.0 
  8 2020 04 07 13 25 57  1.4019 -0.5089  0.0000  40.4  39.1   0.0 
  8 2020 04 07 13 25 58  1.3107 -0.5623  0.0000  38.3  39.6   0.0 
  8 2020 04 07 13 25 59  2.0627 -0.4944  0.0000  42.1  43.0   0.0 
  8 2020 04 07 13 26 00  1.2451  0.3737  0.0000  38.7  39.6   0.0 
  8 2020 04 07 13 26 01  1.9465 -0.4793  0.0000  43.0  40.9   0.0 
  8 2020 04 07 13 26 02  0.9308  0.4052  0.0000  37.4  37.8   0.0 
  8 2020 04 07 13 26 03  1.6939  0.2756  0.0000  40.4  36.1   0.0 
  9 2020 04 07 13 26 39  1.5965 -0.3586  0.0000  39.1  39.6   0.0 
  9 2020 04 07 13 26 40  1.6565 -0.1050  0.0000  42.1  41.7   0.0 
  9 2020 04 07 13 26 41  0.6978 -0.3301  0.0000  37.8  38.7   0.0 
  9 2020 04 07 13 26 42  1.1266  0.0883  0.0000  37.8  38.7   0.0 
  9 2020 04 07 13 26 43  1.3566 -0.3248  0.0000  41.3  41.3   0.0 
  9 2020 04 07 13 26 44  2.0233 -0.1499  0.0000  40.9  37.8   0.0 
  9 2020 04 07 13 26 45  1.6549 -0.3068  0.0000  40.9  38.3   0.0 
  9 2020 04 07 13 26 46  1.6066  0.1437  0.0000  41.3  40.4   0.0 
  9 2020 04 07 13 26 47 -0.6165 -0.7162  0.0000  38.3  38.3   0.0 
  9 2020 04 07 13 26 48  1.2123 -0.1102  0.0000  41.3  39.1   0.0 
  9 2020 04 07 13 26 49  1.3389 -0.1877  0.0000  40.0  38.7   0.0 
  9 2020 04 07 13 26 50  1.8865 -0.9416  0.0000  39.6  40.0   0.0 
  9 2020 04 07 13 26 51  1.5502 -0.4390  0.0000  41.3  39.6   0.0 
  9 2020 04 07 13 26 52  1.4045 -0.2343  0.0000  41.7  40.9   0.0 
  9 2020 04 07 13 26 53  0.5397  0.6191  0.0000  39.1  38.7   0.0 
  9 2020 04 07 13 26 54  1.6020 -0.1690  0.0000  38.7  40.4   0.0 
  9 2020 04 07 13 26 55  1.3481 -0.1073  0.0000  39.6  37.8   0.0 
  9 2020 04 07 13 26 56  1.7720 -0.3428  0.0000  40.0  40.0   0.0 
  9 2020 04 07 13 26 57  0.9482 -0.4564  0.0000  42.6  41.3   0.0 
  9 2020 04 07 13 26 58  0.9262  0.2490  0.0000  41.3  39.6   0.0 
  9 2020 04 07 13 26 59  0.4157 -0.6224  0.0000  37.8  37.0   0.0 
  9 2020 04 07 13 27 00  0.6841 -0.2697  0.0000  37.0  37.4   0.0 
  9 2020 04 07 13 27 01  1.4265  0.1096  0.0000  41.3  39.1   0.0 
  9 2020 04 07 13 27 02  1.6490 -0.6368  0.0000  40.9  38.7   0.0 
  9 2020 04 07 13 27 03  0.2523 -0.3186  0.0000  37.8  37.8   0.0 
  9 2020 04 07 13 27 04  1.5157 -0.1450  0.0000  37.0  36.5   0.0 
  9 2020 04 07 13 27 05  1.1581 -0.4291  0.0000  40.9  37.8   0.0 
  9 2020 04 07 13 27 06  1.1572 -0.2244  0.0000  39.6  40.0   0.0 
  9 2020 04 07 13 27 07  1.6893 -0.4124  0.0000  40.0  37.4   0.0 
  9 2020 04 07 13 27 08  3.3169 -0.3205  0.0000  40.9  38.7   0.0 
  9 2020 04 07 13 27 09  1.5479 -0.4738  0.0000  43.0  42.1   0.0 
  9 2020 04 07 13 27 10  1.4685 -0.5673  0.0000  39.6  40.4   0.0 
  9 2020 04 07 13 27 11  1.6886 -0.0866  0.0000  40.0  39.1   0.0 
  9 2020 04 07 13 27 12  1.2402  0.0115  0.0000  37.8  37.4   0.0 
  9 2020 04 07 13 27 13  1.7156 -0.0486  0.0000  40.4  40.0   0.0 
  9 2020 04 07 13 27 14  0.8570 -0.8261  0.0000  39.1  37.8   0.0 
  9 2020 04 07 13 27 15  1.4255 -0.1365  0.0000  37.4  37.0   0.0 
  9 2020 04 07 13 27 16  1.3881  0.0902  0.0000  39.6  38.3   0.0 
  9 2020 04 07 13 27 17  1.8310 -0.4373  0.0000  40.9  40.4   0.0 
  9 2020 04 07 13 27 18  1.2454 -0.3202  0.0000  38.3  38.3   0.0 
 10 2020 04 07 13 27 29  1.0873 -0.2808  0.0000  39.6  39.1   0.0 
 10 2020 04 07 13 27 30  1.2425 -0.2543  0.0000  42.1  42.6   0.0 
 10 2020 04 07 13 27 31  0.9984 -0.0781  0.0000  37.8  37.8   0.0 
 10 2020 04 07 13 27 32  0.9331 -0.0167  0.0000  38.7  39.6   0.0 
 10 2020 04 07 13 27 33  1.0374 -0.0505  0.0000  38.7  37.0   0.0 
 10 2020 04 07 13 27 34  1.2247  0.0125  0.0000  39.6  37.8   0.0 
 10 2020 04 07 13 27 35  0.9879 -0.2231  0.0000  36.1  36.5   0.0 
 10 2020 04 07 13 27 36  1.1736  0.0689  0.0000  39.1  38.3   0.0 
 10 2020 04 07 13 27 37  1.0000 -0.0417  0.0000  40.0  39.6   0.0 
 10 2020 04 07 13 27 38  1.0522  0.3041  0.0000  37.4  37.4   0.0 
 10 2020 04 07 13 27 39  1.2461 -0.0121  0.0000  38.7  38.7   0.0 
 10 2020 04 07 13 27 40  1.0584  0.0240  0.0000  41.7  39.6   0.0 
 10 2020 04 07 13 27 41  0.9170  0.1867  0.0000  39.6  39.1   0.0 
 10 2020 04 07 13 27 42  1.2687  0.1476  0.0000  38.7  37.8   0.0 
 10 2020 04 07 13 27 43  1.0761 -0.0741  0.0000  40.0  41.3   0.0 
 10 2020 04 07 13 27 44  0.8294 -0.2123  0.0000  41.3  40.4   0.0 
 10 2020 04 07 13 27 45  0.9816  0.2175  0.0000  39.1  38.7   0.0 
 10 2020 04 07 13 27 46  1.3579 -0.0118  0.0000  39.1  38.3   0.0 
 10 2020 04 07 13 27 47  1.1913 -0.3691  0.0000  37.4  37.4   0.0 
 10 2020 04 07 13 27 48  1.0922 -0.0663  0.0000  37.4  38.3   0.0 
 10 2020 04 07 13 27 49  1.1745 -0.0397  0.0000  40.4  41.3   0.0 
 10 2020 04 07 13 27 50  1.3084 -0.1237  0.0000  42.6  41.3   0.0 
 10 2020 04 07 13 27 51  1.0033 -0.6811  0.0000  40.0  38.7   0.0 
 10 2020 04 07 13 27 52  1.1785 -0.1850  0.0000  41.3  39.1   0.0 
 10 2020 04 07 13 27 53  1.1775 -0.1194  0.0000  37.4  37.8   0.0 
 10 2020 04 07 13 27 54  1.2562 -0.3501  0.0000  40.9  39.6   0.0 
 10 2020 04 07 13 27 55  1.5430  0.0085  0.0000  40.9  38.7   0.0 
 10 2020 04 07 13 27 56  1.5892 -0.3107  0.0000  40.9  40.0   0.0 
 10 2020 04 07 13 27 57  1.0912 -0.0892  0.0000  40.9  41.3   0.0 
 10 2020 04 07 13 27 58  0.8904 -0.3606  0.0000  37.0  36.5   0.0 
 10 2020 04 07 13 27 59  1.5351 -0.0269  0.0000  38.7  38.7   0.0 
 10 2020 04 07 13 28 00  0.8192 -0.5348  0.0000  40.4  38.3   0.0 
 10 2020 04 07 13 28 01  1.1145  0.2077  0.0000  37.4  34.8   0.0 
 10 2020 04 07 13 28 02  1.2841 -0.5558  0.0000  40.9  42.6   0.0 
 10 2020 04 07 13 28 03  2.8068  0.0955  0.0000  40.9  40.0   0.0 
 10 2020 04 07 13 28 04  0.9298 -0.1365  0.0000  40.9  38.7   0.0 
 10 2020 04 07 13 28 05  0.8652  0.0574  0.0000  41.7  40.0   0.0 
 10 2020 04 07 13 28 06  1.3045  0.0105  0.0000  41.7  39.6   0.0 
 10 2020 04 07 13 28 07  1.1683 -0.0561  0.0000  37.4  37.4   0.0 
 10 2020 04 07 13 28 08  1.3714 -0.1273  0.0000  39.1  37.8   0.0 
 11 2020 04 07 13 28 26  0.3081 -0.0919  0.0000  43.0  39.6   0.0 
 11 2020 04 07 13 28 27  1.0745 -0.2969  0.0000  39.6  38.3   0.0 
 11 2020 04 07 13 28 28  0.5791  0.0820  0.0000  37.0  37.4   0.0 
 11 2020 04 07 13 28 29  0.6316 -0.0276  0.0000  36.5  37.0   0.0 
 11 2020 04 07 13 28 30  0.9662  0.0574  0.0000  39.6  39.6   0.0 
 11 2020 04 07 13 28 31  0.6234  0.1257  0.0000  34.8  35.7   0.0 
 11 2020 04 07 13 28 32  0.6647 -0.0600  0.0000  37.8  37.0   0.0 
 11 2020 04 07 13 28 33  0.6667 -0.0528  0.0000  39.6  38.3   0.0 
 11 2020 04 07 13 28 34  0.9452 -0.1325  0.0000  40.0  39.1   0.0 
 11 2020 04 07 13 28 35  0.9324 -0.1673  0.0000  37.0  37.0   0.0 
 11 2020 04 07 13 28 36  1.0089 -0.1050  0.0000  39.6  40.0   0.0 
 11 2020 04 07 13 28 37  0.3976  0.0561  0.0000  40.9  39.6   0.0 
 11 2020 04 07 13 28 38  0.3845  0.1325  0.0000  36.1  34.8   0.0 
 11 2020 04 07 13 28 39  0.6847 -0.1217  0.0000  40.4  37.4   0.0 
 11 2020 04 07 13 28 40  0.5036 -0.0558  0.0000  40.9  40.9   0.0 
 11 2020 04 07 13 28 41  0.3054  0.2280  0.0000  36.5  37.4   0.0 
 11 2020 04 07 13 28 42  0.3337  0.1342  0.0000  36.1  36.1   0.0 
 11 2020 04 07 13 28 43  0.4331  0.0459  0.0000  36.5  35.3   0.0 
 11 2020 04 07 13 28 44  0.4531  0.0719  0.0000  38.3  37.8   0.0 
 11 2020 04 07 13 28 45  0.4085 -0.0630  0.0000  36.1  34.8   0.0 
 11 2020 04 07 13 28 46  0.7260 -0.2680  0.0000  38.7  37.0   0.0 
 11 2020 04 07 13 28 47  0.6542  0.1270  0.0000  38.3  37.8   0.0 
 11 2020 04 07 13 28 48  0.4163 -0.1476  0.0000  39.1  40.9   0.0 
 11 2020 04 07 13 28 49  1.0676 -0.1647  0.0000  38.7  37.4   0.0 
 11 2020 04 07 13 28 50  0.8593 -0.1168  0.0000  39.6  38.7   0.0 
 11 2020 04 07 13 28 51  0.6946  0.0476  0.0000  36.1  35.3   0.0 
 11 2020 04 07 13 28 52  0.5505  0.1640  0.0000  34.8  32.7   0.0 
 11 2020 04 07 13 28 53  0.5869  0.1010  0.0000  35.3  35.7   0.0 
 11 2020 04 07 13 28 54  0.9898 -0.3566  0.0000  41.3  40.4   0.0 
 11 2020 04 07 13 28 55  0.8196 -0.1043  0.0000  36.1  36.1   0.0 
 11 2020 04 07 13 28 56  0.8415  0.1463  0.0000  42.1  42.1   0.0 
 11 2020 04 07 13 28 57  0.8399 -0.0400  0.0000  37.8  37.0   0.0 
 11 2020 04 07 13 28 58  0.6273  0.1407  0.0000  37.8  37.4   0.0 
 11 2020 04 07 13 28 59  0.1385  0.1125  0.0000  40.4  37.8   0.0 
 11 2020 04 07 13 29 00  0.3832 -0.2523  0.0000  37.4  37.8   0.0 
 11 2020 04 07 13 29 01  1.0495 -0.1768  0.0000  42.1  42.1   0.0 
 11 2020 04 07 13 29 02  0.8717 -0.1450  0.0000  38.7  37.4   0.0 
 11 2020 04 07 13 29 03  0.8281 -0.3228  0.0000  42.6  41.7   0.0 
 11 2020 04 07 13 29 04  0.8675 -0.2474  0.0000  37.0  37.0   0.0 
 11 2020 04 07 13 29 05  0.7375  0.0774  0.0000  38.7  39.6   0.0 
 12 2020 04 07 13 29 23  0.3301  0.0066  0.0000  39.1  38.7   0.0 
 12 2020 04 07 13 29 24  0.2667  0.0991  0.0000  33.5  32.3   0.0 
 12 2020 04 07 13 29 25  0.0374  0.0804  0.0000  34.8  33.5   0.0 
 12 2020 04 07 13 29 26  0.2247  0.0945  0.0000  35.3  34.8   0.0 
 12 2020 04 07 13 29 27  0.5994 -0.0341  0.0000  39.1  38.7   0.0 
 12 2020 04 07 13 29 28  0.3783  0.0312  0.0000  36.1  38.3   0.0 
 12 2020 04 07 13 29 29  0.2858  0.0128  0.0000  36.1  35.3   0.0 
 12 2020 04 07 13 29 30  0.2543 -0.0509  0.0000  32.7  32.3   0.0 
 12 2020 04 07 13 29 31  0.2874  0.1188  0.0000  36.5  35.7   0.0 
 12 2020 04 07 13 29 32  0.1991  0.0784  0.0000  32.7  30.5   0.0 
 12 2020 04 07 13 29 33  0.3297 -0.0161  0.0000  34.8  35.3   0.0 
 12 2020 04 07 13 29 34  0.1841 -0.1696  0.0000  39.1  39.1   0.0 
 12 2020 04 07 13 29 35  0.0794  0.0574  0.0000  39.6  35.7   0.0 
 12 2020 04 07 13 29 36  0.2260 -0.0190  0.0000  36.5  34.8   0.0 
 12 2020 04 07 13 29 37  0.2530 -0.3068  0.0000  31.4  33.1   0.0 
 12 2020 04 07 13 29 38  0.1801  0.1411  0.0000  35.7  35.7   0.0 
 12 2020 04 07 13 29 39  0.1493  0.1247  0.0000  34.0  31.4   0.0 
 12 2020 04 07 13 29 40  0.1667 -0.0108  0.0000  35.7  35.3   0.0 
 12 2020 04 07 13 29 41  0.0823 -0.1509  0.0000  36.5  37.4   0.0 
 12 2020 04 07 13 29 42  0.0827  0.0538  0.0000  38.7  37.8   0.0 
 12 2020 04 07 13 29 43  0.2638 -0.1204  0.0000  40.0  37.4   0.0 
 12 2020 04 07 13 29 44  0.3383 -0.0433  0.0000  36.5  37.0   0.0 
 12 2020 04 07 13 29 45  0.4757 -0.0312  0.0000  40.4  38.3   0.0 
 12 2020 04 07 13 29 46  0.4081  0.1637  0.0000  36.5  34.8   0.0 
 12 2020 04 07 13 29 47  0.2349 -0.1493  0.0000  37.0  40.9   0.0 
 12 2020 04 07 13 29 48  0.1483 -0.2280  0.0000  37.0  35.7   0.0 
 12 2020 04 07 13 29 49  0.2612  0.2320  0.0000  34.4  36.1   0.0 
 12 2020 04 07 13 29 50  0.0561  0.1375  0.0000  32.7  35.7   0.0 
 12 2020 04 07 13 29 51  0.1001  0.0659  0.0000  36.1  37.4   0.0 
 12 2020 04 07 13 29 52  0.1109  0.1047  0.0000  39.6  38.7   0.0 
 12 2020 04 07 13 29 53  0.0230  0.1473  0.0000  34.0  34.8   0.0 
 12 2020 04 07 13 29 54  0.2848  0.0600  0.0000  33.1  31.0   0.0 
 12 2020 04 07 13 29 55  0.2562  0.0075  0.0000  33.1  35.3   0.0 
 12 2020 04 07 13 29 56  0.2710 -0.1473  0.0000  38.3  36.5   0.0 
 12 2020 04 07 13 29 57  0.3635 -0.1053  0.0000  34.4  33.5   0.0 
 12 2020 04 07 13 29 58  0.1998  0.0489  0.0000  38.7  39.1   0.0 
 12 2020 04 07 13 29 59  0.2018  0.0627  0.0000  42.6  38.7   0.0 
 12 2020 04 07 13 30 00  0.4406 -0.0850  0.0000  34.8  34.4   0.0 
 12 2020 04 07 13 30 01  0.1581  0.1719  0.0000  34.8  34.0   0.0 
 12 2020 04 07 13 30 02  0.3366  0.1660  0.0000  33.1  34.8   0.0 
 13 2020 04 07 13 30 23 -0.0259  0.0394  0.0000  26.2  25.8   0.0 
 13 2020 04 07 13 30 24  0.0531 -0.0036  0.0000  31.4  30.5   0.0 
 13 2020 04 07 13 30 25  0.1522  0.0272  0.0000  35.7  33.1   0.0 
 13 2020 04 07 13 30 26  0.1302 -0.0827  0.0000  31.4  30.1   0.0 
 13 2020 04 07 13 30 27  0.0528 -0.0128  0.0000  32.3  30.5   0.0 
 13 2020 04 07 13 30 28  0.3688 -0.0062  0.0000  40.4  37.4   0.0 
 13 2020 04 07 13 30 29  0.2546 -0.1345  0.0000  40.4  34.4   0.0 
 13 2020 04 07 13 30 30  0.2106 -0.0256  0.0000  37.0  34.0   0.0 
 13 2020 04 07 13 30 31  0.4291  0.0387  0.0000  36.5  34.0   0.0 
 13 2020 04 07 13 30 32  0.4127 -0.1811  0.0000  34.8  34.0   0.0 
 13 2020 04 07 13 30 33  0.2635 -0.0561  0.0000  31.8  31.8   0.0 
 13 2020 04 07 13 30 34  0.3245  0.0259  0.0000  38.3  36.5   0.0 
 13 2020 04 07 13 30 35  0.3035  0.0971  0.0000  31.8  30.1   0.0 
 13 2020 04 07 13 30 36  0.3937  0.0682  0.0000  38.3  35.3   0.0 
 13 2020 04 07 13 30 37  0.2769 -0.0348  0.0000  27.1  25.4   0.0 
 13 2020 04 07 13 30 38  0.1076 -0.0640  0.0000  37.4  37.4   0.0 
 13 2020 04 07 13 30 39  0.2989 -0.2333  0.0000  35.3  32.3   0.0 
 13 2020 04 07 13 30 40  0.1076  0.1171  0.0000  35.7  31.8   0.0 
 13 2020 04 07 13 30 41  0.0696  0.1624  0.0000  38.3  40.0   0.0 
 13 2020 04 07 13 30 42  0.1050 -0.0810  0.0000  33.5  31.0   0.0 
 13 2020 04 07 13 30 43 -0.0436 -0.0518  0.0000  38.3  31.4   0.0 
 13 2020 04 07 13 30 44  0.0135 -0.0558  0.0000  33.1  36.5   0.0 
 13 2020 04 07 13 30 45  0.1138  0.0105  0.0000  40.4  39.1   0.0 
 13 2020 04 07 13 30 46  0.0774 -0.0968  0.0000  30.5  29.7   0.0 
 13 2020 04 07 13 30 47  0.1736  0.0728  0.0000  32.3  31.0   0.0 
 13 2020 04 07 13 30 48  0.2251  0.0112  0.0000  36.1  35.3   0.0 
 13 2020 04 07 13 30 49  0.0407 -0.0650  0.0000  26.7  24.9   0.0 
 13 2020 04 07 13 30 50  0.2949  0.1539  0.0000  31.8  28.4   0.0 
 13 2020 04 07 13 30 51  0.2326  0.0994  0.0000  36.5  35.7   0.0 
 13 2020 04 07 13 30 52  0.2677  0.0308  0.0000  36.1  34.8   0.0 
 13 2020 04 07 13 30 53  0.2608 -0.0768  0.0000  32.7  31.4   0.0 
 13 2020 04 07 13 30 54  0.1601 -0.0128  0.0000  32.7  27.9   0.0 
 13 2020 04 07 13 30 55  0.0650 -0.0610  0.0000  31.0  28.8   0.0 
 13 2020 04 07 13 30 56  0.1102 -0.1050  0.0000  35.3  38.3   0.0 
 13 2020 04 07 13 30 57  0.0919 -0.0217  0.0000  36.1  33.5   0.0 
 13 2020 04 07 13 30 58  0.0295  0.0240  0.0000  34.8  32.3   0.0 
 13 2020 04 07 13 30 59  0.2001  0.0049  0.0000  35.3  32.7   0.0 
 13 2020 04 07 13 31 00  0.0991  0.0046  0.0000  21.1  20.2   0.0 
 13 2020 04 07 13 31 01  0.0846  0.0384  0.0000  39.1  35.3   0.0 
 13 2020 04 07 13 31 02  0.0627  0.0466  0.0000  20.6  24.9   0.0 
 14 2020 04 07 13 31 32  0.0958  0.0269  0.0000  31.0  26.7   0.0 
 14 2020 04 07 13 31 33  0.1745 -0.0167  0.0000  26.7  26.2   0.0 
 14 2020 04 07 13 31 34  0.1775  0.0125  0.0000  37.4  34.0   0.0 
 14 2020 04 07 13 31 35  0.2024  0.0584  0.0000  30.1  29.2   0.0 
 14 2020 04 07 13 31 36  0.1916 -0.0013  0.0000  34.4  35.7   0.0 
 14 2020 04 07 13 31 37  0.2789 -0.0479  0.0000  36.5  33.5   0.0 
 14 2020 04 07 13 31 38  0.1923 -0.1499  0.0000  28.4  24.9   0.0 
 14 2020 04 07 13 31 39  0.1814 -0.0394  0.0000  32.3  33.1   0.0 
 14 2020 04 07 13 31 40  0.1621  0.0072  0.0000  29.2  33.1   0.0 
 14 2020 04 07 13 31 41  0.1138  0.0079  0.0000  29.2  30.1   0.0 
 14 2020 04 07 13 31 42  0.2228 -0.0486  0.0000  28.4  28.8   0.0 
 14 2020 04 07 13 31 43  0.1621 -0.0210  0.0000  27.9  27.5   0.0 
 14 2020 04 07 13 31 44  0.1191 -0.1601  0.0000  27.9  32.7   0.0 
 14 2020 04 07 13 31 45  0.1211 -0.0171  0.0000  30.5  32.7   0.0 
 14 2020 04 07 13 31 46  0.2986  0.0669  0.0000  31.8  31.0   0.0 
 14 2020 04 07 13 31 47  0.1949  0.0358  0.0000  33.5  32.3   0.0 
 14 2020 04 07 13 31 48  0.3415 -0.0692  0.0000  31.4  29.7   0.0 
 14 2020 04 07 13 31 49  0.4281 -0.0440  0.0000  36.1  31.8   0.0 
 14 2020 04 07 13 31 50  0.3553 -0.2005  0.0000  34.4  35.7   0.0 
 14 2020 04 07 13 31 51  0.1555 -0.1631  0.0000  34.8  34.8   0.0 
 14 2020 04 07 13 31 52  0.1654 -0.1332  0.0000  35.3  32.3   0.0 
 14 2020 04 07 13 31 53  0.1585 -0.0144  0.0000  31.4  32.3   0.0 
 14 2020 04 07 13 31 54  0.2139 -0.0554  0.0000  32.3  28.8   0.0 
 14 2020 04 07 13 31 55  0.4173 -0.1890  0.0000  35.3  33.1   0.0 
 14 2020 04 07 13 31 56  0.3665 -0.2343  0.0000  36.1  31.4   0.0 
 14 2020 04 07 13 31 57  0.2041 -0.1919  0.0000  28.4  30.1   0.0 
 14 2020 04 07 13 31 58  0.1411 -0.0404  0.0000  27.9  31.0   0.0 
 14 2020 04 07 13 31 59  0.2582 -0.0092  0.0000  34.0  32.3   0.0 
 14 2020 04 07 13 32 00  0.2280 -0.0449  0.0000  35.3  33.1   0.0 
 14 2020 04 07 13 32 01  0.3222 -0.0801  0.0000  33.1  34.8   0.0 
 14 2020 04 07 13 32 02  0.2566  0.0230  0.0000  26.2  25.8   0.0 
 14 2020 04 07 13 32 03  0.3087 -0.0764  0.0000  27.9  31.4   0.0 
 14 2020 04 07 13 32 04  0.3314 -0.0958  0.0000  28.4  30.1   0.0 
 14 2020 04 07 13 32 05  0.3091 -0.0531  0.0000  32.3  32.3   0.0 
 14 2020 04 07 13 32 06  0.5072 -0.1572  0.0000  34.0  35.3   0.0 
 14 2020 04 07 13 32 07  0.2982 -0.2090  0.0000  36.5  34.0   0.0 
 14 2020 04 07 13 32 08  0.3330 -0.0899  0.0000  34.8  33.1   0.0 
 14 2020 04 07 13 32 09  0.3212 -0.1480  0.0000  33.5  32.3   0.0 
 14 2020 04 07 13 32 10  0.4003 -0.1339  0.0000  32.7  32.7   0.0 
 14 2020 04 07 13 32 11  0.4931 -0.1647  0.0000  36.5  39.6   0.0 
 15 2020 04 07 13 32 33  0.1109  0.0558  0.0000  46.0  49.9   0.0 
 15 2020 04 07 13 32 34  0.0643 -0.0033  0.0000  49.0  48.2   0.0 
 15 2020 04 07 13 32 35  0.0663 -0.0167  0.0000  44.3  45.6   0.0 
 15 2020 04 07 13 32 36  0.0135 -0.0341  0.0000  49.4  46.4   0.0 
 15 2020 04 07 13 32 37  0.0679  0.0217  0.0000  40.9  37.8   0.0 
 15 2020 04 07 13 32 38  0.0725  0.0276  0.0000  39.6  43.9   0.0 
 15 2020 04 07 13 32 39  0.1854 -0.0243  0.0000  36.1  35.7   0.0 
 15 2020 04 07 13 32 40  0.1529  0.0525  0.0000  33.5  29.2   0.0 
 15 2020 04 07 13 32 41  0.2133 -0.0833  0.0000  32.7  31.8   0.0 
 15 2020 04 07 13 32 42  0.1555 -0.1309  0.0000  34.8  36.5   0.0 
 15 2020 04 07 13 32 43  0.2103 -0.1076  0.0000  33.1  34.4   0.0 
 15 2020 04 07 13 32 44  0.2192 -0.1365  0.0000  34.0  31.4   0.0 
 15 2020 04 07 13 32 45  0.1152 -0.0548  0.0000  27.5  27.5   0.0 
 15 2020 04 07 13 32 46  0.1122 -0.0653  0.0000  34.4  31.0   0.0 
 15 2020 04 07 13 32 47  0.1296 -0.1040  0.0000  33.5  31.4   0.0 
 15 2020 04 07 13 32 48  0.0476  0.0092  0.0000  30.5  27.5   0.0 
 15 2020 04 07 13 32 49  0.1260  0.0184  0.0000  31.8  28.8   0.0 
 15 2020 04 07 13 32 50  0.1227 -0.0033  0.0000  26.2  29.7   0.0 
 15 2020 04 07 13 32 51  0.0945 -0.0381  0.0000  34.8  32.3   0.0 
 15 2020 04 07 13 32 52  0.1063 -0.0456  0.0000  31.4  30.1   0.0 
 15 2020 04 07 13 32 53  0.0863 -0.0771  0.0000  27.9  26.7   0.0 
 15 2020 04 07 13 32 54  0.2195 -0.0413  0.0000  27.9  29.2   0.0 
 15 2020 04 07 13 32 55  0.1637 -0.0456  0.0000  32.3  31.8   0.0 
 15 2020 04 07 13 32 56  0.1827 -0.0351  0.0000  29.2  25.8   0.0 
 15 2020 04 07 13 32 57  0.0630  0.0141  0.0000  30.1  29.7   0.0 
 15 2020 04 07 13 32 58  0.1312 -0.0167  0.0000  34.4  30.5   0.0 
 15 2020 04 07 13 32 59  0.1129 -0.1220  0.0000  30.1  32.7   0.0 
 15 2020 04 07 13 33 00  0.1542 -0.1125  0.0000  28.4  23.2   0.0 
 15 2020 04 07 13 33 01  0.1506 -0.1503  0.0000  31.4  32.7   0.0 
 15 2020 04 07 13 33 02  0.1821 -0.1585  0.0000  27.1  29.7   0.0 
 15 2020 04 07 13 33 03  0.1601 -0.1191  0.0000  34.8  35.7   0.0 
 15 2020 04 07 13 33 04  0.1670 -0.0755  0.0000  31.4  33.1   0.0 
 15 2020 04 07 13 33 05 -0.0167 -0.0138  0.0000  30.5  31.4   0.0 
 15 2020 04 07 13 33 06  0.0650 -0.0187  0.0000  32.7  34.8   0.0 
 15 2020 04 07 13 33 07  0.1007 -0.1407  0.0000  35.3  31.0   0.0 
 15 2020 04 07 13 33 08  0.1624 -0.1119  0.0000  37.0  35.7   0.0 
 15 2020 04 07 13 33 09  0.1404 -0.0463  0.0000  28.4  29.2   0.0 
 15 2020 04 07 13 33 10  0.0650 -0.0279  0.0000  21.9  24.9   0.0 
 15 2020 04 07 13 33 11  0.2238 -0.0915  0.0000  29.7  33.5   0.0 
 15 2020 04 07 13 33 12  0.0466 -0.0600  0.0000  28.4  30.5   0.0 
 16 2020 04 07 13 34 13  1.5499  0.4045  0.0000  40.4  37.4   0.0 
 16 2020 04 07 13 34 14  1.2031 -0.0407  0.0000  39.1  37.4   0.0 
 16 2020 04 07 13 34 15  0.8842  0.1109  0.0000  36.1  35.3   0.0 
 16 2020 04 07 13 34 16  1.2480  0.4872  0.0000  36.5  34.8   0.0 
 16 2020 04 07 13 34 17  1.0217  0.5325  0.0000  36.5  36.1   0.0 
 16 2020 04 07 13 34 18  1.5243 -0.0223  0.0000  37.4  35.7   0.0 
 16 2020 04 07 13 34 19  1.0620  0.2930  0.0000  40.0  39.1   0.0 
 16 2020 04 07 13 34 20  1.1978  0.3422  0.0000  37.8  37.4   0.0 
 16 2020 04 07 13 34 21  1.9203  0.4701  0.0000  37.0  36.5   0.0 
 16 2020 04 07 13 34 22  1.4892  0.0909  0.0000  37.0  35.7   0.0 
 16 2020 04 07 13 34 23  0.7339 -0.4915  0.0000  38.7  36.5   0.0 
 16 2020 04 07 13 34 24  2.6788 -0.0200  0.0000  36.1  35.3   0.0 
 16 2020 04 07 13 34 25  1.4682  0.1870  0.0000  37.8  37.4   0.0 
 16 2020 04 07 13 34 26  0.0820 -0.1234  0.0000  36.1  35.3   0.0 
 16 2020 04 07 13 34 27  1.0056  0.2477  0.0000  35.3  37.0   0.0 
 16 2020 04 07 13 34 28  1.0892  0.5814  0.0000  34.8  36.1   0.0 
 16 2020 04 07 13 34 29  1.0302 -0.3018  0.0000  37.8  36.1   0.0 
 16 2020 04 07 13 34 30  2.0997 -0.1621  0.0000  36.5  37.4   0.0 
 16 2020 04 07 13 34 31  1.8094  0.2224  0.0000  40.4  36.5   0.0 
 16 2020 04 07 13 34 32  1.3284  0.8691  0.0000  35.3  34.8   0.0 
 16 2020 04 07 13 34 33  1.3009 -0.3917  0.0000  38.3  36.5   0.0 
 16 2020 04 07 13 34 34  1.3999  0.0217  0.0000  37.8  34.4   0.0 
 16 2020 04 07 13 34 35  1.2500 -0.0305  0.0000  37.8  36.5   0.0 
 16 2020 04 07 13 34 36  1.6217  0.0653  0.0000  39.6  38.3   0.0 
 16 2020 04 07 13 34 37  1.2536  0.2018  0.0000  36.5  35.3   0.0 
 16 2020 04 07 13 34 38  0.9413 -0.3081  0.0000  38.7  35.7   0.0 
 16 2020 04 07 13 34 39  1.6243 -0.1309  0.0000  37.4  36.1   0.0 
 16 2020 04 07 13 34 40  1.5367  0.0814  0.0000  37.8  37.8   0.0 
 16 2020 04 07 13 34 41  0.8698  0.3524  0.0000  36.1  34.8   0.0 
 16 2020 04 07 13 34 42  1.5820  0.1617  0.0000  37.0  35.3   0.0 
 16 2020 04 07 13 34 43  0.7047  0.0755  0.0000  37.4  38.3   0.0 
 16 2020 04 07 13 34 44  0.6142  0.0371  0.0000  37.8  36.5   0.0 
 16 2020 04 07 13 34 45  0.7766 -0.0220  0.0000  34.4  34.0   0.0 
 16 2020 04 07 13 34 46  1.1841 -0.0115  0.0000  40.0  38.3   0.0 
 16 2020 04 07 13 34 47  0.9134 -0.1063  0.0000  38.7  36.1   0.0 
 16 2020 04 07 13 34 48  1.4957 -0.3294  0.0000  38.7  35.3   0.0 
 16 2020 04 07 13 34 49  1.5197  0.3045  0.0000  39.6  37.0   0.0 
 16 2020 04 07 13 34 50  1.3297  0.3579  0.0000  36.1  35.7   0.0 
 16 2020 04 07 13 34 51  0.3064 -0.3438  0.0000  38.7  37.8   0.0 
 16 2020 04 07 13 34 52  1.6007  0.3507  0.0000  37.0  35.3   0.0 
 17 2020 04 07 13 35 36  0.4642 -0.3310  0.0000  35.7  35.7   0.0 
 17 2020 04 07 13 35 37  0.5705  0.1299  0.0000  36.5  35.7   0.0 
 17 2020 04 07 13 35 38  0.4531 -0.1089  0.0000  37.0  35.3   0.0 
 17 2020 04 07 13 35 39  0.3950  0.1969  0.0000  37.8  39.1   0.0 
 17 2020 04 07 13 35 40  0.5896 -0.1227  0.0000  40.9  39.6   0.0 
 17 2020 04 07 13 35 41  0.8084 -0.0758  0.0000  39.1  37.8   0.0 
 17 2020 04 07 13 35 42  0.7195 -0.0666  0.0000  37.4  35.7   0.0 
 17 2020 04 07 13 35 43  1.1568 -0.2543  0.0000  38.3  37.8   0.0 
 17 2020 04 07 13 35 44  0.7339 -0.5082  0.0000  35.3  34.8   0.0 
 17 2020 04 07 13 35 45  0.5558  0.2572  0.0000  36.1  36.1   0.0 
 17 2020 04 07 13 35 46  0.1683 -0.2451  0.0000  34.4  33.5   0.0 
 17 2020 04 07 13 35 47  0.3428 -0.0758  0.0000  38.7  37.0   0.0 
 17 2020 04 07 13 35 48  0.2907 -0.2343  0.0000  28.8  31.4   0.0 
 17 2020 04 07 13 35 49  0.3930 -0.0942  0.0000  37.8  37.0   0.0 
 17 2020 04 07 13 35 50  0.4360 -0.1854  0.0000  36.5  37.0   0.0 
 17 2020 04 07 13 35 51  0.4829 -0.3596  0.0000  37.8  35.7   0.0 
 17 2020 04 07 13 35 52  0.6220 -0.1627  0.0000  36.5  35.3   0.0 
 17 2020 04 07 13 35 53  0.9695 -0.1355  0.0000  37.8  36.5   0.0 
 17 2020 04 07 13 35 54  0.5653 -0.3671  0.0000  37.4  37.8   0.0 
 17 2020 04 07 13 35 55 -1.1772  0.4698  0.0000  37.8  35.3   0.0 
 17 2020 04 07 13 35 56  0.4321  0.1148  0.0000  36.5  35.3   0.0 
 17 2020 04 07 13 35 57  0.7976  0.3714  0.0000  40.0  38.7   0.0 
 17 2020 04 07 13 35 58  0.6926  0.2559  0.0000  36.5  36.1   0.0 
 17 2020 04 07 13 35 59  1.0203  0.2133  0.0000  36.1  35.7   0.0 
 17 2020 04 07 13 36 00  0.3727 -0.1332  0.0000  37.4  38.7   0.0 
 17 2020 04 07 13 36 01  0.7428 -0.2398  0.0000  36.5  37.0   0.0 
 17 2020 04 07 13 36 02  0.7730 -0.2297  0.0000  35.7  35.7   0.0 
 17 2020 04 07 13 36 03  0.4560 -0.2093  0.0000  34.0  36.1   0.0 
 17 2020 04 07 13 36 04  0.5108 -0.1050  0.0000  32.7  32.7   0.0 
 17 2020 04 07 13 36 05  0.2720 -0.0853  0.0000  38.7  38.3   0.0 
 17 2020 04 07 13 36 06  0.9098  0.2172  0.0000  37.4  37.8   0.0 
 17 2020 04 07 13 36 07  0.6594 -0.0794  0.0000  37.8  38.7   0.0 
 17 2020 04 07 13 36 08  0.6998  0.0433  0.0000  39.6  38.3   0.0 
 17 2020 04 07 13 36 09  0.3018 -0.0197  0.0000  40.0  36.5   0.0 
 17 2020 04 07 13 36 10  0.2293 -0.0564  0.0000  36.1  35.7   0.0 
 17 2020 04 07 13 36 11  0.3255 -0.2464  0.0000  37.0  34.0   0.0 
 17 2020 04 07 13 36 12  0.5259  0.3360  0.0000  40.4  40.0   0.0 
 17 2020 04 07 13 36 13  0.7503  0.0856  0.0000  38.3  39.1   0.0 
 17 2020 04 07 13 36 14  0.3812 -0.0636  0.0000  40.4  37.8   0.0 
 17 2020 04 07 13 36 15  0.1850  0.0413  0.0000  35.3  34.0   0.0 
 18 2020 04 07 13 37 12  1.0951  0.0571  0.0000  38.3  37.4   0.0 
 18 2020 04 07 13 37 13  0.4705  0.0515  0.0000  39.1  38.7   0.0 
 18 2020 04 07 13 37 14  1.0230  0.0935  0.0000  39.6  39.1   0.0 
 18 2020 04 07 13 37 15  0.9239  0.2211  0.0000  38.7  39.1   0.0 
 18 2020 04 07 13 37 16  0.2585  0.1808  0.0000  39.1  38.7   0.0 
 18 2020 04 07 13 37 17  0.7165  0.1509  0.0000  37.4  37.4   0.0 
 18 2020 04 07 13 37 18  0.9731  0.3320  0.0000  34.8  36.5   0.0 
 18 2020 04 07 13 37 19  1.0410 -0.1437  0.0000  40.4  39.1   0.0 
 18 2020 04 07 13 37 20  0.9498  0.3291  0.0000  37.8  38.7   0.0 
 18 2020 04 07 13 37 21  1.5820 -0.3455  0.0000  39.1  39.1   0.0 
 18 2020 04 07 13 37 22  1.5574 -0.1322  0.0000  35.7  34.8   0.0 
 18 2020 04 07 13 37 23  1.1106 -0.1053  0.0000  34.0  35.7   0.0 
 18 2020 04 07 13 37 24  0.6831 -0.2966  0.0000  38.3  37.4   0.0 
 19 2020 04 07 13 37 56 -0.4859 -0.5026  0.0000  37.8  34.4   0.0 
 19 2020 04 07 13 37 57  0.9055  0.0814  0.0000  37.8  36.5   0.0 
 19 2020 04 07 13 37 58  1.0036  0.2546  0.0000  38.7  34.8   0.0 
 20 2020 04 07 13 38 55  1.2664  0.2014  0.0000  37.4  37.4   0.0 
 20 2020 04 07 13 38 56  1.8442 -0.0013  0.0000  39.6  38.7   0.0 
 20 2020 04 07 13 38 57  1.4373 -0.1640  0.0000  40.0  39.1   0.0 
 20 2020 04 07 13 38 58  0.9770 -0.0440  0.0000  37.8  35.7   0.0 
 20 2020 04 07 13 38 59  1.3179 -0.1509  0.0000  39.1  37.0   0.0 
 20 2020 04 07 13 39 00  1.1066 -0.1450  0.0000  37.8  40.4   0.0 
 20 2020 04 07 13 39 01  1.0489  0.2119  0.0000  37.0  35.3   0.0 
 20 2020 04 07 13 39 02  1.9104 -0.4774  0.0000  35.7  35.7   0.0 
 20 2020 04 07 13 39 03  0.7841  0.2205  0.0000  40.0  37.0   0.0 
 20 2020 04 07 13 39 04  0.8510 -0.1293  0.0000  35.3  34.8   0.0 
 20 2020 04 07 13 39 05  1.0036  0.0614  0.0000  39.1  37.0   0.0 
 20 2020 04 07 13 39 06  1.8524  0.2500  0.0000  38.7  39.6   0.0 
 20 2020 04 07 13 39 07  0.5039 -0.4281  0.0000  34.8  35.7   0.0 
 20 2020 04 07 13 39 08  1.7510  0.0089  0.0000  35.3  36.1   0.0 
 20 2020 04 07 13 39 09  0.8822  0.3107  0.0000  38.3  37.8   0.0 
 20 2020 04 07 13 39 10 -0.6027  0.2392  0.0000  38.3  35.7   0.0 
 20 2020 04 07 13 39 11  1.0299  0.1339  0.0000  37.4  36.5   0.0 
 20 2020 04 07 13 39 12  0.7890  0.2612  0.0000  38.3  37.0   0.0 
 20 2020 04 07 13 39 13  0.0846 -0.2559  0.0000  37.0  38.7   0.0 
 20 2020 04 07 13 39 14  0.7631  0.0915  0.0000  37.4  36.1   0.0 
 20 2020 04 07 13 39 15  1.1417 -0.3593  0.0000  39.6  37.8   0.0 
 20 2020 04 07 13 39 16  1.1056  0.3110  0.0000  39.1  37.8   0.0 
 20 2020 04 07 13 39 17  1.3294 -0.0554  0.0000  39.6  37.0   0.0 
 20 2020 04 07 13 39 18  1.5259  0.0922  0.0000  37.0  36.1   0.0 
 20 2020 04 07 13 39 19  1.4416 -0.4770  0.0000  38.7  40.0   0.0 
 20 2020 04 07 13 39 20  1.1181  0.4012  0.0000  36.5  34.8   0.0 
 20 2020 04 07 13 39 21  0.5722 -0.2989  0.0000  37.8  36.1   0.0 
 20 2020 04 07 13 39 22  1.2067 -0.1604  0.0000  38.3  36.5   0.0 
 20 2020 04 07 13 39 23  0.9380  0.0486  0.0000  39.1  40.0   0.0 
 20 2020 04 07 13 39 24  0.7238 -0.3173  0.0000  36.5  37.4   0.0 
 20 2020 04 07 13 39 25  0.7740  0.0161  0.0000  38.7  38.3   0.0 
 20 2020 04 07 13 39 26  0.3940  0.0154  0.0000  38.3  38.7   0.0 
 20 2020 04 07 13 39 27  0.1972  0.1083  0.0000  35.3  35.3   0.0 
 20 2020 04 07 13 39 28  2.5705 -0.1640  0.0000  36.5  37.0   0.0 
 20 2020 04 07 13 39 29  1.1581  0.2631  0.0000  41.3  40.0   0.0 
 20 2020 04 07 13 39 30  0.9173 -0.1138  0.0000  38.7  38.7   0.0 
 20 2020 04 07 13 39 31  0.8704  0.1932  0.0000  37.4  36.5   0.0 
 20 2020 04 07 13 39 32  1.1348  0.0879  0.0000  36.1  36.5   0.0 
 20 2020 04 07 13 39 33  1.5669 -0.2005  0.0000  40.4  39.6   0.0 
 20 2020 04 07 13 39 34  1.2802  0.2979  0.0000  36.5  36.5   0.0 
 21 2020 04 07 13 40 06  0.8648 -0.2106  0.0000  37.8  36.1   0.0 
 21 2020 04 07 13 40 07  0.9826 -0.3878  0.0000  40.4  39.1   0.0 
 21 2020 04 07 13 40 08  0.9672 -0.0010  0.0000  41.3  41.3   0.0 
 21 2020 04 07 13 40 09  1.6873 -0.5663  0.0000  40.0  38.3   0.0 
 21 2020 04 07 13 40 10  1.2323 -0.2569  0.0000  40.0  37.8   0.0 
 21 2020 04 07 13 40 11  1.2982 -0.3999  0.0000  38.7  38.7   0.0 
 21 2020 04 07 13 40 12  0.9646  0.3169  0.0000  35.7  35.7   0.0 
 21 2020 04 07 13 40 13  0.6280 -0.2533  0.0000  39.6  38.3   0.0 
 21 2020 04 07 13 40 14  0.2963 -0.0912  0.0000  39.6  39.6   0.0 
 21 2020 04 07 13 40 15  0.9419 -0.3432  0.0000  37.4  37.4   0.0 
 21 2020 04 07 13 40 16  0.8261 -0.1486  0.0000  38.3  37.0   0.0 
 21 2020 04 07 13 40 17  1.1299 -0.1299  0.0000  40.0  38.3   0.0 
 21 2020 04 07 13 40 18  1.0308 -0.1988  0.0000  34.8  35.7   0.0 
 21 2020 04 07 13 40 19  1.1916 -0.1004  0.0000  39.1  37.8   0.0 
 21 2020 04 07 13 40 20  1.1286  0.0495  0.0000  37.4  35.3   0.0 
 21 2020 04 07 13 40 21  0.9432  0.1532  0.0000  37.0  37.4   0.0 
 21 2020 04 07 13 40 22  1.8025 -0.3451  0.0000  39.1  37.4   0.0 
 21 2020 04 07 13 40 23  1.1693  0.0528  0.0000  40.0  40.0   0.0 
 21 2020 04 07 13 40 24  1.1440  0.0587  0.0000  39.1  37.0   0.0 
 21 2020 04 07 13 40 25  1.0075  0.2031  0.0000  39.6  38.7   0.0 
 21 2020 04 07 13 40 26  1.1939  0.1837  0.0000  38.3  37.0   0.0 
 21 2020 04 07 13 40 27  0.9012  0.0351  0.0000  38.7  37.0   0.0 
 21 2020 04 07 13 40 28  0.8563 -0.3360  0.0000  39.1  37.8   0.0 
 21 2020 04 07 13 40 29  1.3999  0.1752  0.0000  39.1  38.7   0.0 
 21 2020 04 07 13 40 30  1.3438 -0.1555  0.0000  39.6  40.9   0.0 
 21 2020 04 07 13 40 31  1.1362  0.2234  0.0000  35.7  36.1   0.0 
 21 2020 04 07 13 40 32  1.1381 -0.2822  0.0000  38.7  37.8   0.0 
 21 2020 04 07 13 40 33  1.3901 -0.1181  0.0000  40.0  38.7   0.0 
 21 2020 04 07 13 40 34  1.1818  0.1345  0.0000  37.0  35.7   0.0 
 21 2020 04 07 13 40 35  0.8789  0.1450  0.0000  35.7  37.0   0.0 
 21 2020 04 07 13 40 36  0.9823  0.2215  0.0000  40.0  38.7   0.0 
 21 2020 04 07 13 40 37  0.7060  0.2753  0.0000  41.3  38.7   0.0 
 21 2020 04 07 13 40 38  0.8491 -0.2999  0.0000  35.7  37.0   0.0 
 21 2020 04 07 13 40 39  1.1322  0.3074  0.0000  38.7  37.8   0.0 
 21 2020 04 07 13 40 40  1.1604 -0.0285  0.0000  39.6  38.7   0.0 
 21 2020 04 07 13 40 41  1.7142  0.2874  0.0000  40.9  38.3   0.0 
 21 2020 04 07 13 40 42  0.9098 -0.1509  0.0000  40.4  39.1   0.0 
 21 2020 04 07 13 40 43  1.1726  0.3281  0.0000  37.4  37.4   0.0 
 21 2020 04 07 13 40 44  0.8520 -0.2067  0.0000  37.4  38.3   0.0 
 21 2020 04 07 13 40 45  1.4859 -0.2789  0.0000  40.0  38.3   0.0 
 22 2020 04 07 13 41 09  1.2241 -0.0220  0.0000  37.8  39.1   0.0 
 22 2020 04 07 13 41 10  1.0804 -0.1230  0.0000  38.3  37.4   0.0 
 22 2020 04 07 13 41 11  1.5623  0.1083  0.0000  40.0  39.1   0.0 
 22 2020 04 07 13 41 12  1.2582  0.1811  0.0000  42.1  41.7   0.0 
 22 2020 04 07 13 41 13  1.0069 -0.1070  0.0000  40.0  39.6   0.0 
 22 2020 04 07 13 41 14  1.1969  0.4213  0.0000  38.3  37.0   0.0 
 22 2020 04 07 13 41 15  1.0066 -0.0285  0.0000  38.3  37.8   0.0 
 22 2020 04 07 13 41 16  1.6135  0.2434  0.0000  41.3  40.9   0.0 
 22 2020 04 07 13 41 17  1.3419  0.1493  0.0000  38.7  36.1   0.0 
 22 2020 04 07 13 41 18  1.6742  0.0371  0.0000  39.1  37.8   0.0 
 22 2020 04 07 13 41 19  1.1565 -0.1473  0.0000  39.6  37.4   0.0 
 22 2020 04 07 13 41 20  1.8848 -0.1775  0.0000  36.1  34.8   0.0 
 22 2020 04 07 13 41 21  1.6568 -0.0079  0.0000  41.3  38.7   0.0 
 22 2020 04 07 13 41 22  0.9501 -0.1053  0.0000  41.3  39.6   0.0 
 22 2020 04 07 13 41 23  0.9062  0.2559  0.0000  37.0  35.3   0.0 
 22 2020 04 07 13 41 24  1.3678  0.2818  0.0000  37.0  36.1   0.0 
 22 2020 04 07 13 41 25  0.7927  0.2992  0.0000  38.3  37.8   0.0 
 22 2020 04 07 13 41 26  1.0656 -0.0230  0.0000  40.4  41.3   0.0 
 22 2020 04 07 13 41 27  1.4485  0.1289  0.0000  40.0  40.0   0.0 
 22 2020 04 07 13 41 28  1.3156  0.3176  0.0000  42.1  42.6   0.0 
 22 2020 04 07 13 41 29  0.9925 -0.0440  0.0000  40.0  39.1   0.0 
 22 2020 04 07 13 41 30  0.9180  0.0778  0.0000  37.0  36.1   0.0 
 22 2020 04 07 13 41 31  0.6549 -0.3422  0.0000  37.0  37.4   0.0 
 22 2020 04 07 13 41 32  1.3898 -0.0719  0.0000  38.3  36.5   0.0 
 22 2020 04 07 13 41 33  1.1076  0.1335  0.0000  41.3  40.0   0.0 
 22 2020 04 07 13 41 34  1.1342  0.0686  0.0000  37.0  37.4   0.0 
 22 2020 04 07 13 41 35  1.3845 -0.0072  0.0000  38.3  38.3   0.0 
 22 2020 04 07 13 41 36  1.4478 -0.2408  0.0000  38.3  39.6   0.0 
 22 2020 04 07 13 41 37  1.3386 -0.1106  0.0000  40.0  38.7   0.0 
 22 2020 04 07 13 41 38  1.4409  0.2129  0.0000  37.0  39.6   0.0 
 22 2020 04 07 13 41 39  1.7382 -0.0302  0.0000  39.6  40.9   0.0 
 22 2020 04 07 13 41 40  1.2362 -0.3271  0.0000  37.4  39.1   0.0 
 22 2020 04 07 13 41 41  1.4783  0.2087  0.0000  37.4  38.7   0.0 
 22 2020 04 07 13 41 42  1.3287  0.1253  0.0000  40.0  38.7   0.0 
 22 2020 04 07 13 41 43  1.4629  0.1542  0.0000  41.3  39.1   0.0 
 22 2020 04 07 13 41 44  1.2244 -0.4304  0.0000  40.0  39.6   0.0 
 22 2020 04 07 13 41 45  1.1850 -0.0305  0.0000  40.0  38.7   0.0 
 22 2020 04 07 13 41 46  1.1870  0.0745  0.0000  40.0  39.1   0.0 
 22 2020 04 07 13 41 47  1.4341  0.2011  0.0000  40.0  38.7   0.0 
 22 2020 04 07 13 41 48  1.0272  0.3140  0.0000  36.1  35.7   0.0 
 23 2020 04 07 13 42 22  1.7864  0.1227  0.0000  39.6  37.8   0.0 
 23 2020 04 07 13 42 23  2.1201 -0.2434  0.0000  40.0  38.7   0.0 
 23 2020 04 07 13 42 24  1.1539 -0.1322  0.0000  39.1  38.7   0.0 
 23 2020 04 07 13 42 25  2.6152 -0.3468  0.0000  40.0  41.3   0.0 
 23 2020 04 07 13 42 26  1.5502  0.1083  0.0000  37.8  36.1   0.0 
 23 2020 04 07 13 42 27  1.3045 -0.3274  0.0000  37.4  39.1   0.0 
 23 2020 04 07 13 42 28  1.6102 -0.2612  0.0000  39.6  37.8   0.0 
 23 2020 04 07 13 42 29  1.7346  0.0098  0.0000  39.1  40.0   0.0 
 23 2020 04 07 13 42 30  1.7195 -0.2461  0.0000  40.9  39.1   0.0 
 23 2020 04 07 13 42 31  2.0220 -0.6647  0.0000  40.9  40.9   0.0 
 23 2020 04 07 13 42 32  2.1844  0.1588  0.0000  41.3  40.9   0.0 
 23 2020 04 07 13 42 33  1.1608 -0.4800  0.0000  38.7  38.7   0.0 
 23 2020 04 07 13 42 34  1.3153  0.0220  0.0000  41.3  40.0   0.0 
 23 2020 04 07 13 42 35  1.9797 -0.0591  0.0000  39.6  37.8   0.0 
 23 2020 04 07 13 42 36  1.5079 -0.1066  0.0000  40.4  39.1   0.0 
 23 2020 04 07 13 42 37  1.1270 -0.5020  0.0000  40.0  39.1   0.0 
 23 2020 04 07 13 42 38  1.9590 -0.2090  0.0000  37.0  36.1   0.0 
 23 2020 04 07 13 42 39  1.3497  0.1280  0.0000  37.8  37.8   0.0 
 23 2020 04 07 13 42 40  1.8747 -0.2156  0.0000  39.6  39.1   0.0 
 23 2020 04 07 13 42 41  1.7260  0.0787  0.0000  38.3  38.3   0.0 
 23 2020 04 07 13 42 42  0.9967 -0.3268  0.0000  40.4  40.4   0.0 
 23 2020 04 07 13 42 43  1.4557  0.0614  0.0000  38.7  38.3   0.0 
 23 2020 04 07 13 42 44  1.5003 -0.9813  0.0000  40.0  38.3   0.0 
 23 2020 04 07 13 42 45  0.9537 -0.5787  0.0000  34.8  37.4   0.0 
 23 2020 04 07 13 42 46  1.5669 -0.2044  0.0000  39.1  38.7   0.0 
 23 2020 04 07 13 42 47  1.4285 -0.2779  0.0000  37.0  36.1   0.0 
 23 2020 04 07 13 42 48  1.7310 -0.0499  0.0000  39.6  36.1   0.0 
 23 2020 04 07 13 42 49  1.5390 -0.0482  0.0000  39.1  38.3   0.0 
 23 2020 04 07 13 42 50  1.2536 -0.1476  0.0000  42.6  41.7   0.0 
 23 2020 04 07 13 42 51  1.6191 -0.2221  0.0000  38.3  37.0   0.0 
 23 2020 04 07 13 42 52  1.7822  0.0686  0.0000  41.3  37.8   0.0 
 23 2020 04 07 13 42 53  1.0121 -0.1145  0.0000  37.8  37.0   0.0 
 23 2020 04 07 13 42 54  1.8038  0.1201  0.0000  39.1  38.3   0.0 
 23 2020 04 07 13 42 55  1.9770 -0.0184  0.0000  41.7  42.6   0.0 
 23 2020 04 07 13 42 56  1.3658 -0.3579  0.0000  40.9  37.4   0.0 
 23 2020 04 07 13 42 57  1.4970 -0.1578  0.0000  40.0  40.0   0.0 
 23 2020 04 07 13 42 58  1.7064  0.0308  0.0000  42.6  40.9   0.0 
 23 2020 04 07 13 42 59  1.8097 -0.2543  0.0000  42.1  40.4   0.0 
 23 2020 04 07 13 43 00  2.1033 -0.2457  0.0000  41.3  40.0   0.0 
 23 2020 04 07 13 43 01  2.1811 -0.1506  0.0000  41.7  40.9   0.0 
 24 2020 04 07 13 43 31  2.0102 -0.1467  0.0000  40.0  38.3   0.0 
 24 2020 04 07 13 43 32  1.5112  0.0033  0.0000  40.9  39.6   0.0 
 24 2020 04 07 13 43 33  1.7976 -0.1050  0.0000  42.6  39.1   0.0 
 24 2020 04 07 13 43 34 -0.1818  0.3232  0.0000  42.1  40.9   0.0 
 24 2020 04 07 13 43 35  1.0827 -0.2605  0.0000  38.7  38.3   0.0 
 24 2020 04 07 13 43 36  1.9124  0.2323  0.0000  41.7  40.4   0.0 
 24 2020 04 07 13 43 37  1.6594 -0.0036  0.0000  43.4  43.0   0.0 
 24 2020 04 07 13 43 38  1.6614 -0.1768  0.0000  40.0  38.3   0.0 
 24 2020 04 07 13 43 39  1.8176 -0.2723  0.0000  42.6  40.4   0.0 
 24 2020 04 07 13 43 40  1.4580 -0.1759  0.0000  39.6  40.4   0.0 
 24 2020 04 07 13 43 41  1.9436 -0.1962  0.0000  41.7  39.6   0.0 
 24 2020 04 07 13 43 42  2.0413 -0.3035  0.0000  40.0  39.1   0.0 
 24 2020 04 07 13 43 43  1.8599 -0.3688  0.0000  39.6  38.7   0.0 
 24 2020 04 07 13 43 44  1.8350  0.0755  0.0000  42.1  42.1   0.0 
 24 2020 04 07 13 43 45  1.2415 -0.1421  0.0000  42.1  41.7   0.0 
 24 2020 04 07 13 43 46  1.6444 -0.0988  0.0000  39.6  38.3   0.0 
 24 2020 04 07 13 43 47  1.9619 -0.3153  0.0000  42.6  40.4   0.0 
 24 2020 04 07 13 43 48  1.1430 -0.2037  0.0000  39.1  37.8   0.0 
 24 2020 04 07 13 43 49  1.5702 -0.6188  0.0000  39.6  40.4   0.0 
 24 2020 04 07 13 43 50  1.7697 -0.2123  0.0000  39.6  36.5   0.0 
 24 2020 04 07 13 43 51  0.8589  0.1348  0.0000  41.3  39.1   0.0 
 24 2020 04 07 13 43 52  1.4767 -0.4009  0.0000  39.6  40.9   0.0 
 24 2020 04 07 13 43 53  1.3438  0.3268  0.0000  39.6  38.7   0.0 
 24 2020 04 07 13 43 54  1.4219 -0.1919  0.0000  40.9  40.0   0.0 
 24 2020 04 07 13 43 55  1.4088 -0.4931  0.0000  39.1  39.6   0.0 
 24 2020 04 07 13 43 56  1.7500 -0.5860  0.0000  40.4  38.3   0.0 
 24 2020 04 07 13 43 57  0.9724  0.4757  0.0000  40.4  39.1   0.0 
 24 2020 04 07 13 43 58 -0.0256  0.0856  0.0000  39.6  39.6   0.0 
 24 2020 04 07 13 43 59  2.1749 -0.0230  0.0000  41.3  40.0   0.0 
 24 2020 04 07 13 44 00  1.5778 -0.2126  0.0000  39.6  39.6   0.0 
 24 2020 04 07 13 44 01  0.7654 -0.1119  0.0000  40.4  38.7   0.0 
 24 2020 04 07 13 44 02  1.3146 -0.0771  0.0000  42.6  39.6   0.0 
 24 2020 04 07 13 44 03  1.6030 -0.2323  0.0000  40.9  39.1   0.0 
 24 2020 04 07 13 44 04  1.8734 -0.3392  0.0000  42.6  40.4   0.0 
 24 2020 04 07 13 44 05  1.8471 -0.3917  0.0000  40.0  40.9   0.0 
 24 2020 04 07 13 44 06  1.6257  0.0584  0.0000  40.0  38.7   0.0 
 24 2020 04 07 13 44 07  1.6171 -0.2100  0.0000  42.6  40.4   0.0 
 24 2020 04 07 13 44 08  0.9012  0.0886  0.0000  40.4  38.7   0.0 
 24 2020 04 07 13 44 09  1.6368 -0.1542  0.0000  39.6  37.4   0.0 
 24 2020 04 07 13 44 10  1.2474 -0.4029  0.0000  42.6  42.6   0.0 
 25 2020 04 07 13 45 04  1.5066  0.0571  0.0000  38.3  38.7   0.0 
 25 2020 04 07 13 45 05  1.1309 -0.0623  0.0000  39.1  38.7   0.0 
 25 2020 04 07 13 45 06  0.3425  0.1795  0.0000  37.0  38.7   0.0 
 25 2020 04 07 13 45 07  1.6850  0.0797  0.0000  42.1  40.4   0.0 
 25 2020 04 07 13 45 08  1.6283 -0.6109  0.0000  41.3  42.1   0.0 
 25 2020 04 07 13 45 09  1.0676  0.3274  0.0000  40.9  39.6   0.0 
 25 2020 04 07 13 45 10  1.4879  0.3894  0.0000  40.0  37.8   0.0 
 25 2020 04 07 13 45 11  1.1955 -0.6293  0.0000  39.1  38.7   0.0 
 25 2020 04 07 13 45 12  1.1896  0.0617  0.0000  40.0  40.4   0.0 
 25 2020 04 07 13 45 13  1.3593 -0.4633  0.0000  40.4  39.6   0.0 
 25 2020 04 07 13 45 14  1.8766 -0.1818  0.0000  37.4  38.3   0.0 
 25 2020 04 07 13 45 15  1.5190  0.2096  0.0000  40.4  40.0   0.0 
 25 2020 04 07 13 45 16  1.7238 -0.1358  0.0000  39.6  37.8   0.0 
 25 2020 04 07 13 45 17  1.6430  0.7175  0.0000  42.1  40.4   0.0 
 25 2020 04 07 13 45 18  1.7933  0.1762  0.0000  38.3  38.3   0.0 
 25 2020 04 07 13 45 19  1.3491 -0.3530  0.0000  37.4  37.8   0.0 
 25 2020 04 07 13 45 20  1.4544 -0.4259  0.0000  40.0  40.4   0.0 
 25 2020 04 07 13 45 21  1.8104 -0.5955  0.0000  40.4  39.6   0.0 
 25 2020 04 07 13 45 22  1.5860 -0.1601  0.0000  40.0  39.1   0.0 
 25 2020 04 07 13 45 23  1.6394  0.1368  0.0000  40.0  39.1   0.0 
 25 2020 04 07 13 45 24  1.6860 -0.3993  0.0000  43.0  39.6   0.0 
 25 2020 04 07 13 45 25  1.4806 -0.2677  0.0000  40.9  40.9   0.0 
 25 2020 04 07 13 45 26  0.7421 -0.5797  0.0000  38.7  39.1   0.0 
 25 2020 04 07 13 45 27  1.6234 -0.1608  0.0000  38.7  40.4   0.0 
 25 2020 04 07 13 45 28  1.5243 -0.2018  0.0000  44.7  43.9   0.0 
 25 2020 04 07 13 45 29  1.7641  0.0909  0.0000  38.3  37.0   0.0 
 25 2020 04 07 13 45 30  1.7533 -0.1086  0.0000  40.0  40.4   0.0 
 25 2020 04 07 13 45 31  1.4600 -0.4127  0.0000  37.8  38.3   0.0 
 25 2020 04 07 13 45 32  1.7283 -0.1493  0.0000  40.0  40.9   0.0 
 25 2020 04 07 13 45 33  1.9852  0.1959  0.0000  39.6  39.6   0.0 
 25 2020 04 07 13 45 34  1.2411 -0.4370  0.0000  39.6  40.0   0.0 
 25 2020 04 07 13 45 35 -0.0243 -0.7336  0.0000  41.7  43.4   0.0 
 25 2020 04 07 13 45 36  1.8068 -0.3127  0.0000  39.1  37.4   0.0 
 25 2020 04 07 13 45 37  1.7667  0.0748  0.0000  40.4  40.4   0.0 
 25 2020 04 07 13 45 38  0.7267 -0.1050  0.0000  39.1  37.4   0.0 
 25 2020 04 07 13 45 39  1.6089 -0.0837  0.0000  42.6  40.9   0.0 
 25 2020 04 07 13 45 40  1.5791 -0.2339  0.0000  41.7  40.9   0.0 
 25 2020 04 07 13 45 41  1.7612 -0.3425  0.0000  39.6  39.6   0.0 
 25 2020 04 07 13 45 42  1.0210 -0.1161  0.0000  39.1  39.1   0.0 
 25 2020 04 07 13 45 43 -1.1867  0.4367  0.0000  37.8  38.7   0.0 
 26 2020 04 07 13 46 06  1.0732 -0.1332  0.0000  36.1  36.5   0.0 
 26 2020 04 07 13 46 07  1.4839 -0.4488  0.0000  40.9  38.7   0.0 
 26 2020 04 07 13 46 08  1.5092 -0.4318  0.0000  37.4  36.5   0.0 
 26 2020 04 07 13 46 09  1.5387 -0.1339  0.0000  39.6  39.1   0.0 
 26 2020 04 07 13 46 10  1.5515 -0.4324  0.0000  44.7  41.3   0.0 
 26 2020 04 07 13 46 11  1.0377  0.0850  0.0000  40.4  38.7   0.0 
 26 2020 04 07 13 46 12  0.8681 -0.0364  0.0000  35.3  36.1   0.0 
 26 2020 04 07 13 46 13  0.9242 -0.0712  0.0000  40.0  39.6   0.0 
 26 2020 04 07 13 46 14  1.2316 -0.1240  0.0000  40.9  40.0   0.0 
 26 2020 04 07 13 46 15  1.1627  0.0423  0.0000  39.1  38.7   0.0 
 26 2020 04 07 13 46 16  0.7598 -0.0387  0.0000  40.0  40.4   0.0 
 26 2020 04 07 13 46 17  1.1125  0.0568  0.0000  41.7  40.0   0.0 
 26 2020 04 07 13 46 18  0.6526 -0.2192  0.0000  38.3  38.7   0.0 
 26 2020 04 07 13 46 19  1.4875 -0.1985  0.0000  38.7  39.1   0.0 
 26 2020 04 07 13 46 20  1.1056  0.1355  0.0000  39.6  37.8   0.0 
 26 2020 04 07 13 46 21  1.0374  0.0138  0.0000  37.8  38.3   0.0 
 26 2020 04 07 13 46 22  1.2743 -0.3698  0.0000  40.4  38.7   0.0 
 26 2020 04 07 13 46 23  1.1549 -0.1135  0.0000  37.4  36.1   0.0 
 26 2020 04 07 13 46 24  0.7497 -0.0295  0.0000  38.7  38.7   0.0 
 26 2020 04 07 13 46 25  1.2087 -0.2077  0.0000  37.8  37.4   0.0 
 26 2020 04 07 13 46 26  1.0656  0.0102  0.0000  43.4  40.4   0.0 
 26 2020 04 07 13 46 27  1.3501  0.0741  0.0000  39.6  39.1   0.0 
 26 2020 04 07 13 46 28  2.0541 -0.5003  0.0000  38.3  38.7   0.0 
 26 2020 04 07 13 46 29  1.3432 -0.0125  0.0000  41.7  39.1   0.0 
 26 2020 04 07 13 46 30  0.9459 -0.6752  0.0000  40.0  37.4   0.0 
 26 2020 04 07 13 46 31  1.3737 -0.0492  0.0000  41.3  40.4   0.0 
 26 2020 04 07 13 46 32  0.4921 -0.0407  0.0000  37.4  37.4   0.0 
 26 2020 04 07 13 46 33  0.9780 -0.1585  0.0000  37.8  36.5   0.0 
 26 2020 04 07 13 46 34  0.8776 -0.1585  0.0000  40.4  40.4   0.0 
 26 2020 04 07 13 46 35  1.5417 -0.5466  0.0000  40.0  38.3   0.0 
 26 2020 04 07 13 46 36  0.9892 -0.0010  0.0000  39.1  39.1   0.0 
 26 2020 04 07 13 46 37  1.1388 -0.0663  0.0000  37.4  38.7   0.0 
 26 2020 04 07 13 46 38  1.3894 -0.4498  0.0000  40.9  38.7   0.0 
 26 2020 04 07 13 46 39  1.4537 -0.2700  0.0000  39.6  37.0   0.0 
 26 2020 04 07 13 46 40  1.3343 -0.1699  0.0000  42.1  40.4   0.0 
 26 2020 04 07 13 46 41  1.2126 -0.2293  0.0000  40.0  39.6   0.0 
 26 2020 04 07 13 46 42  0.9157  0.0138  0.0000  37.8  37.4   0.0 
 26 2020 04 07 13 46 43  1.2989 -0.1726  0.0000  40.9  38.7   0.0 
 26 2020 04 07 13 46 44  1.4652 -0.0499  0.0000  41.3  38.7   0.0 
 26 2020 04 07 13 46 45  1.4498 -0.1070  0.0000  42.1  39.1   0.0 
 27 2020 04 07 13 47 48  0.6086  0.1322  0.0000  39.1  37.0   0.0 
 27 2020 04 07 13 47 49  1.1371 -0.3307  0.0000  40.9  37.4   0.0 
 27 2020 04 07 13 47 50  0.7546  0.0377  0.0000  41.3  40.9   0.0 
 27 2020 04 07 13 47 51  0.5673  0.1772  0.0000  35.7  35.3   0.0 
 27 2020 04 07 13 47 52  0.8832  0.0748  0.0000  38.3  37.8   0.0 
 27 2020 04 07 13 47 53  0.6706  0.0482  0.0000  37.4  35.7   0.0 
 27 2020 04 07 13 47 54  1.0712 -0.2425  0.0000  40.0  39.6   0.0 
 27 2020 04 07 13 47 55  0.4941  0.1188  0.0000  37.4  36.1   0.0 
 27 2020 04 07 13 47 56  0.6457 -0.1831  0.0000  38.3  39.1   0.0 
 27 2020 04 07 13 47 57  1.1014  0.1001  0.0000  39.1  38.3   0.0 
 27 2020 04 07 13 47 58  0.9475 -0.0814  0.0000  40.0  39.1   0.0 
 27 2020 04 07 13 47 59  0.8760 -0.2464  0.0000  43.0  41.3   0.0 
 27 2020 04 07 13 48 00  0.8340  0.1663  0.0000  36.1  35.3   0.0 
 27 2020 04 07 13 48 01  0.8186 -0.1939  0.0000  39.1  38.3   0.0 
 27 2020 04 07 13 48 02  0.6552 -0.1198  0.0000  38.3  37.4   0.0 
 27 2020 04 07 13 48 03  0.5394  0.0026  0.0000  39.1  39.1   0.0 
 27 2020 04 07 13 48 04  1.0341  0.0279  0.0000  40.0  38.7   0.0 
 27 2020 04 07 13 48 05  0.6991  0.1785  0.0000  38.7  35.7   0.0 
 27 2020 04 07 13 48 06  1.0502 -0.1982  0.0000  38.7  37.8   0.0 
 27 2020 04 07 13 48 07  0.7001  0.1004  0.0000  37.0  36.5   0.0 
 27 2020 04 07 13 48 08  0.7247 -0.2661  0.0000  37.4  37.0   0.0 
 27 2020 04 07 13 48 09  1.1926 -0.1772  0.0000  40.0  39.1   0.0 
 27 2020 04 07 13 48 10  0.8159  0.1611  0.0000  36.5  36.1   0.0 
 27 2020 04 07 13 48 11  1.3297 -0.1824  0.0000  36.1  36.5   0.0 
 27 2020 04 07 13 48 12  0.5705 -0.2129  0.0000  37.8  37.0   0.0 
 27 2020 04 07 13 48 13  0.8796 -0.1430  0.0000  40.0  39.1   0.0 
 27 2020 04 07 13 48 14  0.9104 -0.1972  0.0000  39.6  37.4   0.0 
 27 2020 04 07 13 48 15  0.7628  0.0325  0.0000  41.3  40.0   0.0 
 27 2020 04 07 13 48 16  0.6591  0.0062  0.0000  38.7  40.9   0.0 
 27 2020 04 07 13 48 17  0.8963  0.0105  0.0000  40.4  40.9   0.0 
 27 2020 04 07 13 48 18  1.0407 -0.1716  0.0000  42.1  40.4   0.0 
 27 2020 04 07 13 48 19  0.7710  0.0732  0.0000  38.3  36.1   0.0 
 27 2020 04 07 13 48 20  1.2657 -0.2526  0.0000  40.4  40.9   0.0 
 27 2020 04 07 13 48 21  0.9386  0.0115  0.0000  37.0  37.8   0.0 
 27 2020 04 07 13 48 22  0.7572 -0.1621  0.0000  37.4  37.0   0.0 
 27 2020 04 07 13 48 23  0.6857  0.1929  0.0000  37.4  37.4   0.0 
 27 2020 04 07 13 48 24  0.3875  0.0469  0.0000  37.8  36.5   0.0 
 27 2020 04 07 13 48 25  0.6470 -0.1824  0.0000  34.0  34.8   0.0 
 27 2020 04 07 13 48 26  0.8442 -0.1811  0.0000  35.7  36.1   0.0 
 27 2020 04 07 13 48 27  1.3071 -0.1939  0.0000  37.4  37.4   0.0 
